"GreenMountain" "ForrestHill" "BadHumbug" "CommunistCommune" "FairCity"
101878 141036 987419 1e+05 169933
59424 124963 935132 1e+05 181228
92580 116072 995132 1e+05 8243
102741 128039 985461 1e+05 170675
102170 107133 1003128 1e+05 76163
107033 125014 976007 1e+05 176543
104640 118187 1018417 1e+05 174239
113855 92073 1014914 1e+05 53170
84396 92917 991045 1e+05 67426
80374 93404 1001486 1e+05 191825
75854 87632 965297 1e+05 154754
77432 116585 958013 1e+05 155971
89455 98608 991384 1e+05 183932
107664 87763 994453 1e+05 42174
82579 95405 986616 1e+05 62640
86769 80947 964459 1e+05 105756
61971 76908 977843 1e+05 14845
89363 98426 972166 1e+05 110271
92269 75880 962453 1e+05 115696
102788 102880 957069 1e+05 178674
95369 71331 965421 1e+05 193271
77002 81560 969988 1e+05 105606
83949 120629 984242 1e+05 158288
88299 96917 985228 1e+05 191778
88150 127767 982424 1e+05 122223
131926 89040 1017731 1e+05 19282
135798 120978 995023 1e+05 124298
102351 120589 978810 1e+05 50590
109860 85350 995050 1e+05 65786
101511 97147 943489 1e+05 168581
113488 89524 1021255 1e+05 2139
71110 88000 982487 1e+05 141916
106533 140961 981959 1e+05 101630
104491 81874 987256 1e+05 80058
112536 108318 972416 1e+05 12959
83517 74987 1010738 1e+05 141337
98445 113528 1005260 1e+05 89517
63896 127975 994175 1e+05 144623
100294 69630 937623 1e+05 85048
88843 106188 947819 1e+05 106209
105486 82341 1002321 1e+05 163816
118017 127845 977932 1e+05 53810
100472 43067 975553 1e+05 68727
113031 131856 975829 1e+05 34414
119770 105067 991867 1e+05 178031
90985 94103 970232 1e+05 128606
35161 130031 959529 1e+05 59191
83635 94924 962036 1e+05 61371
94882 101053 971147 1e+05 188592
121679 125147 1007120 1e+05 193718
90096 54527 995941 1e+05 16875
98667 104279 985693 1e+05 137281
116463 111634 979558 1e+05 184427
105458 102568 979506 1e+05 110169
92569 94470 952771 1e+05 73779
70770 109627 999035 1e+05 120736
96431 78698 994587 1e+05 36377
99604 87439 958147 1e+05 151681
99280 92722 990507 1e+05 124348
105682 107428 990301 1e+05 73075
96284 135287 1000869 1e+05 34371
105389 121497 989986 1e+05 176576
90659 108003 990598 1e+05 87698
98424 105535 997474 1e+05 98495
115710 117508 983665 1e+05 23503
76527 110315 961357 1e+05 149604
91353 96429 937337 1e+05 127250
97647 115578 962242 1e+05 61831
121610 105367 1014505 1e+05 50320
110730 93935 994127 1e+05 94015
91817 80151 954901 1e+05 60740
83544 68476 977722 1e+05 42123
110808 99454 974357 1e+05 46901
107121 104209 980005 1e+05 52412
133432 115453 980021 1e+05 1029
131866 76280 980638 1e+05 149885
59836 92490 952060 1e+05 114513
118630 91512 997455 1e+05 167179
82907 112629 972857 1e+05 49069
122197 113244 955662 1e+05 154030
88448 73640 953943 1e+05 126429
88073 130227 945029 1e+05 97099
107070 67298 977345 1e+05 170626
83898 124424 941101 1e+05 15225
64980 79055 983522 1e+05 74547
113371 106915 1004678 1e+05 166749
103472 126525 998951 1e+05 59976
78058 96995 959872 1e+05 109373
87916 83198 934627 1e+05 159826
79894 86432 967464 1e+05 69890
100732 80914 972562 1e+05 121479
101664 102442 974573 1e+05 83776
94874 120724 954442 1e+05 145198
104728 89755 980393 1e+05 193075
98157 106475 986375 1e+05 31617
89997 95128 1016511 1e+05 148811
101337 109844 1013513 1e+05 109299
102414 68987 1045679 1e+05 153673
99960 83069 967922 1e+05 122460
131692 92826 956337 1e+05 28813
73875 108835 972151 1e+05 163776
139655 122182 1000220 1e+05 97941
78058 90633 961185 1e+05 130297
142161 97051 1006293 1e+05 158059
82875 97554 1006269 1e+05 81966
90345 97280 997279 1e+05 61334
115570 135317 942678 1e+05 150971
119210 80537 972781 1e+05 172388
79175 120515 991267 1e+05 104952
144505 100606 974034 1e+05 190947
108318 75161 995335 1e+05 163739
130392 106089 980421 1e+05 81277
78801 92065 1017409 1e+05 83850
93196 97402 972498 1e+05 81027
100325 106369 964850 1e+05 90323
105678 96526 992239 1e+05 20007
71848 89774 996696 1e+05 155157
105643 100475 961031 1e+05 63191
94257 80608 1023462 1e+05 109408
95404 104532 992562 1e+05 92913
111822 91846 969091 1e+05 199941
90466 124024 974027 1e+05 30503
122067 102437 977400 1e+05 2865
91905 127212 952982 1e+05 19037
103108 127097 965637 1e+05 164756
129950 68397 983534 1e+05 187405
130914 79348 979607 1e+05 71313
108724 103841 973594 1e+05 9224
142931 116494 992858 1e+05 32898
66770 141986 975463 1e+05 162737
124484 94682 993756 1e+05 19685
126812 130976 969352 1e+05 17488
115937 78959 999200 1e+05 20493
108255 100962 953149 1e+05 79124
97223 93695 995340 1e+05 66934
107023 97693 965609 1e+05 28727
145421 86486 961656 1e+05 132552
88834 76702 1020384 1e+05 126149
120746 108203 965591 1e+05 188778
98760 104793 957972 1e+05 141176
57686 78245 954808 1e+05 196165
102652 94804 1027561 1e+05 82990
131583 77487 962098 1e+05 14079
105945 108851 946278 1e+05 126900
119624 112640 986119 1e+05 31441
114441 134787 980150 1e+05 151170
94602 91682 986569 1e+05 172717
123826 96865 1009355 1e+05 162608
90365 72653 985572 1e+05 101973
140097 113839 966486 1e+05 171738
98156 61909 968919 1e+05 26784
106081 91777 993174 1e+05 36652
96988 77372 962810 1e+05 112407
73249 110857 992377 1e+05 157363
108462 102552 956644 1e+05 140349
91466 85874 980691 1e+05 100592
73326 103305 996148 1e+05 157518
83172 85588 964796 1e+05 123357
66206 99381 993865 1e+05 100899
121799 130476 989599 1e+05 149462
101752 96344 940889 1e+05 88502
71513 102480 976619 1e+05 31828
107491 89948 988475 1e+05 55142
92327 87170 952268 1e+05 90465
113443 95403 1010253 1e+05 2068
80817 125400 953903 1e+05 137400
101541 79670 937306 1e+05 19297
102599 92127 951032 1e+05 118192
105469 91511 1012672 1e+05 158824
117050 95334 973924 1e+05 170997
125015 126064 982343 1e+05 153931
94847 114728 982777 1e+05 176760
135121 87833 969943 1e+05 80724
85166 91745 973904 1e+05 174315
106506 123374 967983 1e+05 11755
103747 90157 958545 1e+05 40747
115048 96924 953636 1e+05 20878
93896 121390 996064 1e+05 54206
92996 136890 995809 1e+05 189301
140341 109163 992821 1e+05 196589
106299 103009 944285 1e+05 186772
118178 155379 1017576 1e+05 88305
72859 117388 991084 1e+05 136873
97142 85095 955886 1e+05 26967
123359 112198 977633 1e+05 6438
113736 86364 958650 1e+05 101398
100977 110563 987699 1e+05 108351
76865 111409 981232 1e+05 184208
128315 99871 979725 1e+05 23753
100817 95947 963329 1e+05 68028
99295 102312 992768 1e+05 164295
119302 123094 949035 1e+05 2368
113727 109280 993256 1e+05 190194
138922 99845 973042 1e+05 166470
72377 57056 988379 1e+05 17018
149611 104912 966033 1e+05 54589
97099 139701 1012465 1e+05 58854
104957 79748 940896 1e+05 147374
48738 98991 1021176 1e+05 135346
120625 55929 966808 1e+05 32954
140632 97914 997958 1e+05 174346
87223 120893 982446 1e+05 174976
94897 85825 979654 1e+05 196940
131666 139624 955004 1e+05 146903
108538 116889 979254 1e+05 78738
140173 97189 970863 1e+05 13462
123098 100833 1011462 1e+05 89576
68089 106274 981382 1e+05 199829
54107 85311 968392 1e+05 6061
71783 89480 963304 1e+05 153389
94167 103511 958594 1e+05 105606
102784 130427 986339 1e+05 42220
103745 108072 1005530 1e+05 195488
118605 89494 992584 1e+05 118523
92889 65783 1001512 1e+05 174630
82762 88476 959960 1e+05 15818
100043 93423 968493 1e+05 139363
92891 105361 976021 1e+05 114906
99875 113743 968662 1e+05 59723
82387 101036 982594 1e+05 30609
110125 73884 964661 1e+05 131984
82010 97544 920378 1e+05 106105
70275 94012 997680 1e+05 157154
82618 101722 968529 1e+05 140247
123905 66793 975091 1e+05 63380
107338 131569 923054 1e+05 24802
103912 88178 968519 1e+05 152199
113180 106644 948315 1e+05 59439
77806 74820 1011802 1e+05 134850
116217 126916 997557 1e+05 108046
114484 80253 983241 1e+05 185414
127252 71386 997327 1e+05 123631
103685 93007 976003 1e+05 60336
71106 89737 972444 1e+05 115264
107358 102528 993073 1e+05 58455
114460 88623 991290 1e+05 23841
106118 121106 961572 1e+05 191809
97824 126343 998916 1e+05 174490
100800 114507 993586 1e+05 78085
97305 111210 981628 1e+05 191275
82752 126575 962604 1e+05 178615
96232 71955 1008636 1e+05 25772
104101 74797 974207 1e+05 91266
100276 95742 954086 1e+05 124981
86742 97533 995700 1e+05 68531
78331 89495 983399 1e+05 58439
123826 90576 1005174 1e+05 47109
69956 85324 981088 1e+05 102766
132910 127924 953544 1e+05 79329
67557 98931 984547 1e+05 49765
89996 122289 972824 1e+05 55116
78147 75610 999536 1e+05 121592
74074 93511 964810 1e+05 149121
79869 106947 1001140 1e+05 129188
67861 121005 989052 1e+05 81342
105541 100345 996509 1e+05 83031
85565 109200 988500 1e+05 169617
123252 56971 978289 1e+05 33974
91180 72340 953850 1e+05 43149
57958 59861 1001348 1e+05 171532
141931 97078 981590 1e+05 122718
75264 96860 961160 1e+05 19725
88001 76110 978067 1e+05 101097
111931 92887 954410 1e+05 91765
81349 57573 1023146 1e+05 123614
74642 78000 989011 1e+05 84549
93031 91940 976271 1e+05 92457
85479 105943 985580 1e+05 76445
125877 61352 999886 1e+05 51428
102895 99957 973641 1e+05 147287
95060 73074 1003173 1e+05 163782
94436 117040 980203 1e+05 98110
97706 78075 982485 1e+05 42940
76989 113643 974721 1e+05 42219
74999 117891 962706 1e+05 176714
67173 68303 999549 1e+05 148038
101700 41145 931204 1e+05 135972
101694 94563 1014864 1e+05 69526
90429 103245 976632 1e+05 123159
80326 75474 969079 1e+05 133663
110471 115250 1004503 1e+05 47017
128762 122345 1015358 1e+05 118415
104008 133299 1018708 1e+05 76810
131925 93254 995141 1e+05 42340
90126 71443 984549 1e+05 188642
114410 106942 1017694 1e+05 12159
91364 134435 991340 1e+05 175663
85015 56181 998280 1e+05 135764
104585 101859 986413 1e+05 15607
112763 106858 986060 1e+05 165319
117565 110903 951933 1e+05 106503
106536 110289 976376 1e+05 176537
119993 119512 976364 1e+05 135336
83168 101593 966885 1e+05 54167
113465 110787 958126 1e+05 151571
101810 121517 979714 1e+05 135239
98922 80921 978523 1e+05 102607
98806 95232 959882 1e+05 177693
112257 116869 1000627 1e+05 59807
92710 115154 938387 1e+05 175564
84838 105681 991879 1e+05 179646
75000 61317 1015450 1e+05 158712
114253 108012 943801 1e+05 120550
98287 119206 972646 1e+05 121771
97768 121671 959670 1e+05 46902
93564 127193 975370 1e+05 113221
100216 68305 995289 1e+05 122004
125243 98602 949633 1e+05 163829
146046 125506 973014 1e+05 194028
101690 101140 980098 1e+05 111264
104129 117510 979564 1e+05 60459
101366 93965 1016073 1e+05 141391
71288 117260 915593 1e+05 62549
81087 100033 956191 1e+05 70183
102506 52451 983417 1e+05 104300
124733 63436 951359 1e+05 41695
91261 87860 936718 1e+05 92134
116602 72334 983558 1e+05 120993
105595 58975 1004840 1e+05 72103
87093 97518 973703 1e+05 26174
99782 70280 965944 1e+05 57215
106438 82056 972871 1e+05 14301
64640 102378 992267 1e+05 155638
112919 70795 969849 1e+05 176990
109832 110452 973767 1e+05 24092
98428 94069 991936 1e+05 60429
125992 80740 1007267 1e+05 16879
141082 119805 977836 1e+05 58678
85677 98066 964598 1e+05 141223
91785 94453 1027121 1e+05 118820
106658 73685 1007419 1e+05 122456
147115 143864 984887 1e+05 100534
82338 119793 971793 1e+05 48910
110133 148205 1018549 1e+05 45324
73007 70579 992380 1e+05 42255
89935 83220 988431 1e+05 184387
107803 89519 957402 1e+05 183753
112995 105883 979325 1e+05 60023
104367 96973 970993 1e+05 170437
120500 104797 995152 1e+05 82736
115466 93395 980544 1e+05 10548
83751 43585 974304 1e+05 77539
70034 92458 976930 1e+05 96181
88482 102876 995535 1e+05 18406
93919 82421 937061 1e+05 139477
98431 117153 929466 1e+05 78037
84974 90188 966161 1e+05 94902
71259 101657 973267 1e+05 174810
90264 91584 985197 1e+05 148901
96478 86319 965961 1e+05 66
116812 80751 1012753 1e+05 29909
106533 93051 949413 1e+05 173785
92700 100394 956847 1e+05 35894
98380 80292 948069 1e+05 124279
95005 94973 977178 1e+05 141437
105443 93909 1007163 1e+05 25768
106097 92945 947916 1e+05 91017
119689 81383 1024375 1e+05 58387
63763 79201 1013445 1e+05 41445
144046 67346 950152 1e+05 55367
108017 83802 973102 1e+05 88205
96738 108217 959045 1e+05 160758
103841 119787 1000714 1e+05 74816
109739 123644 1021806 1e+05 170263
79088 117570 969063 1e+05 152501
134226 86520 967707 1e+05 194483
133208 106220 987581 1e+05 38977
119792 98253 992871 1e+05 24512
115841 92940 960646 1e+05 165886
110813 122660 1002299 1e+05 45565
114611 109739 964974 1e+05 120911
103489 96057 998121 1e+05 9790
68396 90083 965541 1e+05 125310
129350 96998 979307 1e+05 53189
119649 99364 976768 1e+05 16415
60948 116914 998701 1e+05 113170
87253 90990 998423 1e+05 68673
100216 93600 933411 1e+05 148383
90382 107814 985410 1e+05 65799
76821 106687 990569 1e+05 3811
94682 111303 982067 1e+05 3936
107833 94488 966336 1e+05 100128
98223 68524 966768 1e+05 177208
112652 105227 965512 1e+05 31059
92304 107412 966454 1e+05 180931
103985 84119 959490 1e+05 100530
89409 84742 983053 1e+05 24867
84678 139921 977912 1e+05 12613
94942 115994 954601 1e+05 112266
97905 109551 968253 1e+05 44639
106254 97674 979105 1e+05 47599
72977 123703 993072 1e+05 110500
93635 93589 991053 1e+05 181550
75602 84872 961664 1e+05 107373
87696 111285 971727 1e+05 135168
77359 99539 979310 1e+05 149216
108063 141628 1003408 1e+05 188764
95962 117969 1000029 1e+05 54663
128238 95573 963790 1e+05 81711
118918 115457 998067 1e+05 46269
92004 64351 957835 1e+05 72456
102712 103409 979148 1e+05 28892
132439 98256 991423 1e+05 174990
119895 138793 981531 1e+05 108984
101441 103547 957623 1e+05 76026
108539 121292 967041 1e+05 158862
107857 67244 1006134 1e+05 72379
96543 82073 969976 1e+05 46661
90827 97917 970999 1e+05 156464
107302 93598 974089 1e+05 125036
128957 92331 960314 1e+05 133594
103841 104480 1010393 1e+05 94811
95764 91944 949354 1e+05 14354
95193 132812 983383 1e+05 12370
88675 78341 974036 1e+05 13367
127183 112856 937801 1e+05 17561
64220 85030 974658 1e+05 39274
142440 64659 948747 1e+05 128571
101930 73450 980186 1e+05 169090
87543 82515 981806 1e+05 108970
91383 109571 1009854 1e+05 142874
67232 87121 977076 1e+05 36050
59749 111868 981234 1e+05 149790
86078 83666 969065 1e+05 10062
97022 80088 981166 1e+05 197055
108471 80657 1009090 1e+05 33274
44110 99239 982792 1e+05 15870
124847 105141 1026420 1e+05 23781
76411 101596 940233 1e+05 161548
100771 92131 988980 1e+05 144735
107028 94508 981219 1e+05 61342
88213 104895 972670 1e+05 64887
93582 122668 961220 1e+05 74496
82000 142027 974203 1e+05 155715
81921 99376 996280 1e+05 54495
98856 105470 1003406 1e+05 29569
57086 83204 967522 1e+05 143746
118043 80414 1030538 1e+05 111228
105573 83668 981118 1e+05 145535
128724 97682 957512 1e+05 25918
122357 107243 971562 1e+05 25021
105120 106304 985186 1e+05 36525
136959 133769 957363 1e+05 194547
90259 105681 971160 1e+05 170332
119585 111758 997773 1e+05 73501
82613 143613 1007120 1e+05 107181
65556 109763 1000227 1e+05 144806
115104 108286 1000936 1e+05 73323
89763 109220 967944 1e+05 57162
61048 123114 1016489 1e+05 127152
94661 90770 995321 1e+05 145180
123159 99695 972353 1e+05 10308
133840 101208 999679 1e+05 197418
81406 87648 999439 1e+05 110465
47780 90882 947578 1e+05 96990
98532 130682 984761 1e+05 126456
75739 93325 958552 1e+05 77463
100122 99058 1040085 1e+05 103730
106383 88879 985701 1e+05 28160
119072 94337 948189 1e+05 30954
101429 94405 960668 1e+05 141006
65298 81346 977570 1e+05 50198
61242 104239 1035087 1e+05 122504
115845 101830 1008130 1e+05 194599
60260 105579 988013 1e+05 14696
94654 113449 955872 1e+05 164944
104469 103011 1009622 1e+05 195310
101338 50746 1009183 1e+05 105376
75611 87784 965487 1e+05 15907
105053 78633 995015 1e+05 6470
134677 122056 998816 1e+05 97813
125987 98416 952153 1e+05 180389
109839 106253 975480 1e+05 47263
139406 124735 1006755 1e+05 12222
85507 113322 993570 1e+05 161337
119536 92230 1004970 1e+05 6745
84180 110592 984207 1e+05 94397
95476 84768 995109 1e+05 38405
89830 93431 1011453 1e+05 100291
81430 92270 980284 1e+05 74214
99977 128312 1006417 1e+05 107794
87394 61136 983364 1e+05 44052
106360 108156 946959 1e+05 31846
97878 105105 980173 1e+05 107045
81723 98803 967975 1e+05 43844
121714 80139 958999 1e+05 163844
60923 140995 969759 1e+05 192294
96778 135555 947688 1e+05 12317
109121 114389 983364 1e+05 157090
61588 78063 960473 1e+05 36688
108112 93167 979062 1e+05 115043
93591 88277 969365 1e+05 59508
105981 74367 971731 1e+05 6452
104502 105154 988929 1e+05 162478
93704 58073 968441 1e+05 99402
103690 109964 969074 1e+05 99030
128916 106705 969931 1e+05 97528
72592 126104 992063 1e+05 178600
83119 80595 975257 1e+05 122246
98509 105499 985975 1e+05 46066
73744 101115 977621 1e+05 96391
119944 86658 1000933 1e+05 24858
93351 92307 1011103 1e+05 124054
107222 80380 968792 1e+05 111959
109699 114108 964029 1e+05 109772
123298 98665 979438 1e+05 192022
86968 121501 1000871 1e+05 119744
128646 84968 974114 1e+05 8647
72915 113672 1019485 1e+05 113439
88412 105137 950289 1e+05 28533
124452 129648 969964 1e+05 119689
104577 92042 984080 1e+05 183431
109641 91924 975375 1e+05 148789
75669 97813 975172 1e+05 10021
81009 107767 957925 1e+05 99913
90639 77705 952188 1e+05 53182
109115 91499 958781 1e+05 7503
87951 97790 976532 1e+05 16908
103624 95407 998661 1e+05 93372
98050 122680 994395 1e+05 64629
101480 94187 999155 1e+05 109432
72366 118169 979763 1e+05 6054
86508 131072 983847 1e+05 114527
67339 102938 970512 1e+05 123529
80837 119031 992978 1e+05 80780
86457 119565 980978 1e+05 191053
70203 107491 993699 1e+05 72207
97840 113435 993332 1e+05 20917
88192 94872 969308 1e+05 160626
99781 135763 970276 1e+05 148101
131402 92541 972851 1e+05 89795
128969 105894 997676 1e+05 121284
97438 66870 1015653 1e+05 187084
92822 114912 986250 1e+05 187615
76488 85074 978943 1e+05 4770
93896 108308 996387 1e+05 128241
67557 139219 965098 1e+05 112108
132956 94540 943186 1e+05 198851
132679 110999 984168 1e+05 73130
93535 96711 972840 1e+05 197305
90239 83822 963150 1e+05 174962
115353 87313 985612 1e+05 51406
134869 102660 966989 1e+05 110080
84663 80632 997145 1e+05 187329
121285 78384 967796 1e+05 113719
110437 97443 975204 1e+05 114255
106672 110334 977674 1e+05 132364
92619 134564 991880 1e+05 178756
103210 102958 1004096 1e+05 96280
89013 83616 964352 1e+05 84623
86827 79923 973773 1e+05 84042
131334 111862 980224 1e+05 44474
70226 93379 1003673 1e+05 34157
107835 79418 1034104 1e+05 174295
66375 124203 1008390 1e+05 82544
115504 120295 984908 1e+05 188197
117201 98693 989571 1e+05 58908
114137 129775 968908 1e+05 37402
114484 94676 964848 1e+05 96484
90832 99834 976294 1e+05 136661
80536 108311 970668 1e+05 40645
134244 108064 999493 1e+05 145019
110957 117654 937140 1e+05 118309
88626 130403 983047 1e+05 7523
127018 94840 1007388 1e+05 26606
128754 92346 959433 1e+05 37248
76807 131542 983849 1e+05 94995
82505 114605 953680 1e+05 56104
131722 146631 994057 1e+05 66779
98073 106599 967121 1e+05 65593
91654 76487 972450 1e+05 189739
89962 137845 963638 1e+05 145181
78435 55784 989349 1e+05 17362
101882 58577 980179 1e+05 99076
97929 122469 978541 1e+05 79367
97045 140455 1010239 1e+05 44773
81749 70583 984146 1e+05 45764
103378 80038 969767 1e+05 168444
108294 129921 977460 1e+05 43286
103878 104902 1000045 1e+05 173469
115421 123870 996514 1e+05 126597
104593 97730 982611 1e+05 7748
109400 94146 993134 1e+05 175277
136312 72750 970126 1e+05 39579
77038 83144 1004836 1e+05 3532
92469 85946 1004851 1e+05 16657
82173 112294 1000949 1e+05 30960
151373 105013 974058 1e+05 34911
90980 99631 1024927 1e+05 44111
75928 87287 937626 1e+05 131622
84548 79205 980654 1e+05 152548
76341 89774 957675 1e+05 37580
89598 106992 949012 1e+05 113655
99704 137169 953644 1e+05 185376
117047 99251 986502 1e+05 185091
103165 106441 975897 1e+05 23465
107393 111103 993389 1e+05 188591
73443 112081 1001713 1e+05 35384
86487 95071 968441 1e+05 168790
81299 130837 995406 1e+05 37875
89649 120634 979699 1e+05 119437
94755 106814 981205 1e+05 61390
99910 90117 994605 1e+05 27192
110596 111222 982878 1e+05 194113
118328 115752 1031583 1e+05 163319
90748 135393 997962 1e+05 14049
115258 73646 979751 1e+05 190753
120940 83563 993280 1e+05 142909
104232 125192 968018 1e+05 51049
125578 127768 976780 1e+05 72203
86993 90689 988601 1e+05 42626
88351 81509 977094 1e+05 16315
92008 92174 1013703 1e+05 138190
107656 96412 964697 1e+05 127394
113209 82143 964253 1e+05 18167
90310 105236 985490 1e+05 138498
98574 81693 963279 1e+05 46049
88387 106840 999198 1e+05 177663
72244 165251 992248 1e+05 72464
106889 98551 997831 1e+05 65425
128155 113855 961815 1e+05 23402
57031 63155 956217 1e+05 90398
133270 98775 998698 1e+05 76072
71609 95925 984049 1e+05 93908
116084 88430 979984 1e+05 195274
87417 126974 1001068 1e+05 98054
74308 96322 958488 1e+05 144541
98173 102498 948016 1e+05 64391
84159 72228 985770 1e+05 167400
128615 114246 963741 1e+05 13566
129310 85676 943513 1e+05 50739
102170 100355 954615 1e+05 82566
77365 95745 980878 1e+05 135847
80366 97829 950951 1e+05 97772
103743 74066 1005639 1e+05 21676
101827 87377 965794 1e+05 20837
105583 106246 945208 1e+05 9664
79835 62465 978647 1e+05 119775
135886 75386 950084 1e+05 99480
89788 97917 992019 1e+05 73710
99507 76429 979682 1e+05 43556
88834 123596 980503 1e+05 32650
110027 101714 998940 1e+05 35455
87475 114185 944120 1e+05 138589
106513 94500 970455 1e+05 28448
63793 100413 989135 1e+05 16443
87996 100766 996928 1e+05 127182
83288 87127 995328 1e+05 135555
113862 108691 994475 1e+05 18814
103232 96522 991430 1e+05 7625
85555 95852 983013 1e+05 122788
103275 74512 985264 1e+05 144172
99361 87222 962727 1e+05 43821
95015 89750 956212 1e+05 53700
119245 60018 1022865 1e+05 116694
128654 80420 1003175 1e+05 98319
85342 94403 964093 1e+05 63003
123306 86772 979420 1e+05 3395
122071 106834 950062 1e+05 63348
76283 109182 972227 1e+05 82298
83750 124113 1000599 1e+05 21826
124308 100614 985437 1e+05 154652
92093 61728 974819 1e+05 127795
88611 88032 957682 1e+05 68474
83060 110650 968140 1e+05 121746
99206 81715 932292 1e+05 80301
85928 126487 986096 1e+05 184561
99284 89780 956018 1e+05 114673
64742 150646 975865 1e+05 17189
118766 97511 1008715 1e+05 177963
91306 60952 989755 1e+05 20852
101071 126390 993420 1e+05 6581
100104 155534 1032347 1e+05 86167
86196 77106 998782 1e+05 45485
70130 104179 972951 1e+05 37390
93009 124327 956389 1e+05 117235
110430 102486 965512 1e+05 68366
81460 106857 995923 1e+05 101208
94525 90847 1042105 1e+05 146870
102845 105628 1001618 1e+05 45940
119624 99316 1011699 1e+05 25135
88579 102669 971484 1e+05 174376
112644 119812 1013907 1e+05 97997
100727 91592 967826 1e+05 88087
59498 87767 985181 1e+05 144544
111305 114047 1012849 1e+05 91779
79881 91801 988716 1e+05 178893
66847 101941 992831 1e+05 52199
119599 71210 968232 1e+05 140213
77847 69776 1021301 1e+05 182098
98196 124957 998738 1e+05 45167
96400 96302 974583 1e+05 65876
104464 110052 992158 1e+05 115998
78621 106385 972887 1e+05 174738
82931 88904 980094 1e+05 157639
89737 89375 946974 1e+05 17689
77289 127581 993949 1e+05 49032
88277 95779 999479 1e+05 10135
135576 91641 958380 1e+05 193655
81781 96922 961096 1e+05 98203
91625 103761 974857 1e+05 20452
125087 125191 995864 1e+05 68218
108324 112087 991838 1e+05 86535
119878 122124 974595 1e+05 109070
124680 98752 990639 1e+05 77480
84547 91416 999171 1e+05 186433
101446 66260 959731 1e+05 127648
99368 102428 1001736 1e+05 56060
89587 104375 980731 1e+05 6728
100387 78912 958013 1e+05 14777
86750 117763 969518 1e+05 58481
122517 129103 1006234 1e+05 46035
92261 129298 978765 1e+05 121493
93191 116143 956360 1e+05 23673
135873 92530 971540 1e+05 157434
145337 118285 968324 1e+05 151818
84467 118015 973342 1e+05 82970
117655 88602 996118 1e+05 89092
106168 130204 955886 1e+05 175841
70612 112442 984970 1e+05 136930
106542 84683 999804 1e+05 35304
109175 68808 994423 1e+05 47601
79609 81156 977887 1e+05 67235
72031 141413 964976 1e+05 87537
101782 92026 974214 1e+05 75768
94683 76994 960660 1e+05 197260
65616 95052 970108 1e+05 121319
81758 70065 964191 1e+05 62615
81895 114391 965711 1e+05 185902
94849 113562 965803 1e+05 53409
141476 113157 985520 1e+05 53637
90579 70664 994938 1e+05 11988
123310 118511 1011437 1e+05 103016
61183 126801 965189 1e+05 183885
78045 104757 991444 1e+05 33440
96814 105190 961179 1e+05 71261
102092 115854 995287 1e+05 99154
84496 67210 961352 1e+05 131887
90175 117960 963510 1e+05 27297
96336 110152 947452 1e+05 25421
131199 83155 981489 1e+05 129451
90556 133665 946825 1e+05 135604
96967 88737 962693 1e+05 47762
91217 116661 965567 1e+05 170964
117399 90958 1002441 1e+05 189131
89697 109057 981021 1e+05 148648
84247 120449 961073 1e+05 23298
105114 133493 960367 1e+05 135383
113066 63452 937306 1e+05 122896
99763 128995 930995 1e+05 116730
127155 90958 980195 1e+05 142385
102895 88558 1006926 1e+05 89325
123208 112200 1012631 1e+05 65834
121770 57644 979686 1e+05 158018
100759 60869 981400 1e+05 134413
96772 124111 965591 1e+05 142573
75134 112703 947802 1e+05 40478
93499 97479 984219 1e+05 35922
124040 96819 977786 1e+05 21155
125084 63242 990714 1e+05 190963
91257 87872 991650 1e+05 66566
112995 139314 960211 1e+05 47115
114326 116017 964526 1e+05 17806
91844 87792 981888 1e+05 189732
94078 104176 953211 1e+05 161891
121718 123861 973527 1e+05 29674
83837 117242 940658 1e+05 124761
67853 115929 981258 1e+05 33529
76336 110172 975923 1e+05 51870
125424 117881 1007787 1e+05 140720
104062 110506 984795 1e+05 77798
107983 143646 1000348 1e+05 160326
107673 95184 1001323 1e+05 63437
71282 132563 997189 1e+05 55288
116120 109475 979878 1e+05 197039
117724 92877 975690 1e+05 164785
86199 82630 986709 1e+05 20149
104348 104134 947393 1e+05 160375
136556 121022 1007414 1e+05 138974
113321 95299 995044 1e+05 171332
146882 97377 965709 1e+05 168226
69329 83272 1015237 1e+05 44871
62236 117887 976488 1e+05 189385
99386 69789 937685 1e+05 20748
82286 103278 981415 1e+05 19857
126067 94695 957202 1e+05 85219
62144 104520 964635 1e+05 40102
98291 75572 968331 1e+05 110795
80150 118778 971663 1e+05 29405
99345 73052 995243 1e+05 79660
81135 70256 994295 1e+05 30842
95199 123529 971470 1e+05 63342
104849 74249 979123 1e+05 91194
137051 97997 988715 1e+05 15725
102746 122515 969789 1e+05 42916
117681 98156 997078 1e+05 91931
105041 108238 995586 1e+05 162413
86666 141807 954956 1e+05 159497
105348 77757 961878 1e+05 166833
147276 82179 978412 1e+05 27169
67530 107004 967392 1e+05 147678
112985 124642 954054 1e+05 33014
133317 86763 984281 1e+05 174270
85955 102268 944442 1e+05 106882
123155 109916 972516 1e+05 81747
78246 66697 966640 1e+05 147166
133264 79843 973579 1e+05 57189
64947 84458 988193 1e+05 132258
116714 125869 970883 1e+05 182872
131956 95244 986786 1e+05 174290
136470 76652 986805 1e+05 46831
111071 111008 974420 1e+05 4300
59111 101021 973887 1e+05 74894
93592 70394 997522 1e+05 155908
73952 124315 1001813 1e+05 188992
79751 111871 965942 1e+05 400
105891 103068 975480 1e+05 56005
100205 129098 949019 1e+05 122395
130844 51510 977760 1e+05 26505
99083 119753 982798 1e+05 76821
91931 118577 984289 1e+05 55552
102338 88856 973489 1e+05 104709
112830 129488 991312 1e+05 11699
92195 79302 976626 1e+05 87747
86621 96357 1024084 1e+05 120339
98653 114024 982274 1e+05 14503
117479 73539 954037 1e+05 5220
58048 108681 1005230 1e+05 1547
99720 106086 975484 1e+05 116709
85364 98049 999619 1e+05 199846
83557 96102 979000 1e+05 147945
104999 93699 971246 1e+05 126250
79178 106388 973489 1e+05 125226
115899 79090 962174 1e+05 121092
133751 104858 986985 1e+05 83081
125137 69025 962350 1e+05 130427
120768 70748 967804 1e+05 85867
84629 79490 957049 1e+05 106366
152407 104033 996476 1e+05 171658
103761 122814 987297 1e+05 52036
120492 59099 987921 1e+05 198169
56836 114948 966548 1e+05 173121
145194 101775 990683 1e+05 131630
116710 106396 975883 1e+05 90542
106460 122763 983432 1e+05 145170
98065 114143 972303 1e+05 127667
78948 126516 965480 1e+05 126269
127188 98354 970681 1e+05 83279
118637 82502 990714 1e+05 51785
73506 119897 974314 1e+05 120904
100047 113441 955414 1e+05 44681
95238 76331 970067 1e+05 159379
95432 79196 1008553 1e+05 92954
108478 98154 1003218 1e+05 80259
92538 100342 987599 1e+05 132374
149517 152029 979515 1e+05 169518
92609 106761 984445 1e+05 172016
69426 82182 973502 1e+05 181770
96576 135454 964124 1e+05 50045
108738 90111 969469 1e+05 160059
47453 97124 1005707 1e+05 163922
84961 120088 982491 1e+05 105689
102764 87887 976428 1e+05 98750
88111 129705 992014 1e+05 129267
88461 76895 999857 1e+05 159322
69420 115938 1003096 1e+05 43765
104386 104201 992485 1e+05 84687
131240 132543 970515 1e+05 16125
94324 94442 964659 1e+05 46180
74364 130640 950598 1e+05 179843
71454 98992 980364 1e+05 46437
92710 98373 962081 1e+05 32858
82582 120189 969184 1e+05 84525
69720 103205 982535 1e+05 182379
116761 100208 958686 1e+05 186607
101905 113586 981372 1e+05 159601
90921 104337 944568 1e+05 43001
122294 86655 993757 1e+05 189396
147746 63760 996883 1e+05 29042
80834 108011 1000906 1e+05 27472
100364 110319 957838 1e+05 192288
121756 87144 950758 1e+05 142362
135143 124901 996416 1e+05 187869
66517 82476 992729 1e+05 165268
87881 83334 982416 1e+05 182578
119801 73843 967696 1e+05 72141
112618 122439 953475 1e+05 1429
127835 88218 1007374 1e+05 172716
117103 111239 994252 1e+05 110856
63210 76991 956092 1e+05 164039
86725 123320 970911 1e+05 4557
140500 86650 960760 1e+05 85916
81981 100826 983060 1e+05 59550
128423 102704 980943 1e+05 195753
140838 136215 997568 1e+05 114677
96984 98569 989844 1e+05 186886
126383 77146 1002412 1e+05 95031
115559 93263 995949 1e+05 19150
77454 84322 961049 1e+05 159749
109352 96999 968988 1e+05 149682
112869 121606 983433 1e+05 92736
102659 79702 965240 1e+05 101513
76392 132396 982954 1e+05 74242
135646 70229 973380 1e+05 185771
129478 110337 990132 1e+05 2440
132020 126158 992488 1e+05 94087
134097 101128 1010462 1e+05 73670
94351 95896 955567 1e+05 103351
93342 97624 988346 1e+05 181989
139562 121816 1016996 1e+05 103428
109451 107372 947728 1e+05 37144
111459 106052 1009705 1e+05 198753
126340 95238 957284 1e+05 124705
88005 59727 975242 1e+05 115087
58862 86869 984247 1e+05 47629
97152 88046 992952 1e+05 66186
93216 120367 982866 1e+05 118405
71989 95449 942945 1e+05 191294
122912 102188 958532 1e+05 85443
89839 111956 970942 1e+05 10166
100760 98822 992316 1e+05 145982
86409 112483 981855 1e+05 184831
97983 136359 962918 1e+05 148849
120854 113903 984250 1e+05 178906
91328 142323 953068 1e+05 79113
92781 92565 971197 1e+05 98940
49058 103830 1008786 1e+05 10356
89421 104121 965875 1e+05 93250
120484 58395 997458 1e+05 71604
99414 87617 999757 1e+05 179415
98716 78869 984164 1e+05 140059
96764 81580 969154 1e+05 115424
83332 58351 1016344 1e+05 28595
72807 84148 971143 1e+05 102797
130318 80810 973359 1e+05 161804
104850 98364 998875 1e+05 18686
106071 109030 967199 1e+05 137650
60661 104180 992393 1e+05 137527
116435 105347 1012180 1e+05 99484
91747 120818 962228 1e+05 79443
95297 65554 971177 1e+05 130207
94787 102974 946900 1e+05 96589
114106 117380 990720 1e+05 105979
100564 121861 996962 1e+05 110087
85874 124959 952505 1e+05 158505
81207 111399 963992 1e+05 89127
96244 95042 974847 1e+05 130713
81018 109040 978180 1e+05 75296
101189 80470 995271 1e+05 67225
94793 64905 1002402 1e+05 10128
137712 99389 952893 1e+05 74274
70534 114001 982893 1e+05 43862
94796 104858 971902 1e+05 92429
117860 111878 964521 1e+05 156297
114120 89329 968599 1e+05 21375
72798 149825 950427 1e+05 100022
126821 144156 983270 1e+05 180357
75573 95711 993118 1e+05 153015
111563 110135 921448 1e+05 88271
135100 78212 975310 1e+05 85396
96787 115833 994942 1e+05 165512
123151 82070 1007440 1e+05 144969
106425 89582 1016704 1e+05 195817
80965 103927 948529 1e+05 115699
120689 72865 995630 1e+05 15162
149317 109596 978638 1e+05 60734
80316 93643 1038780 1e+05 103066
97630 136369 959076 1e+05 154732
124454 70288 961658 1e+05 130593
59931 120024 981679 1e+05 173458
124658 145161 975590 1e+05 163353
79383 101494 963138 1e+05 181384
95317 120813 965382 1e+05 70883
103669 90286 1009188 1e+05 153110
66237 103565 996373 1e+05 168643
50665 86060 967241 1e+05 13328
97792 103490 933022 1e+05 87252
146654 91756 967300 1e+05 126086
51838 108824 975195 1e+05 65838
89580 86319 965665 1e+05 9746
81479 126772 1000498 1e+05 86825
110546 64585 992304 1e+05 41404
110409 102107 979762 1e+05 33216
107646 79005 1011427 1e+05 181318
116679 79835 996243 1e+05 123225
115534 61645 1007565 1e+05 154062
114401 120971 975371 1e+05 173949
114609 106094 969551 1e+05 199625
137577 127747 957867 1e+05 120367
95808 101807 1024593 1e+05 81227
83718 113323 968439 1e+05 57415
90880 99442 965854 1e+05 102025
116200 92651 982744 1e+05 2883
110675 89919 964280 1e+05 16951
84811 112557 1003914 1e+05 153093
96367 90306 999353 1e+05 82379
94845 116339 972026 1e+05 40861
83017 111649 1001942 1e+05 128956
73563 73690 956512 1e+05 62910
108914 126552 950657 1e+05 34900
96827 118584 969071 1e+05 98380
117176 98940 987952 1e+05 180274
82226 96026 1026046 1e+05 143269
81983 100373 986891 1e+05 122583
81289 100105 1030192 1e+05 69245
112836 105067 976003 1e+05 177686
91760 64790 968423 1e+05 118943
87910 130343 1000438 1e+05 42257
101066 97854 940676 1e+05 126429
43537 132466 1011893 1e+05 39286
82199 111036 995078 1e+05 10486
81691 111628 1008705 1e+05 188182
106921 86977 982797 1e+05 169482
119541 102796 1006579 1e+05 178646
72563 38444 1004943 1e+05 109457
113555 135216 959967 1e+05 36453
89329 82564 946037 1e+05 86770
94411 110209 1003467 1e+05 46524
98329 88563 966104 1e+05 131975
98722 105464 1025518 1e+05 116496
93505 107869 986432 1e+05 170683
80189 86803 973293 1e+05 38255
73824 119939 950138 1e+05 67874
127036 74285 1018761 1e+05 139994
116678 116642 976299 1e+05 181254
62684 78370 977623 1e+05 77924
104107 115425 967298 1e+05 116735
81364 109912 972218 1e+05 5418
120904 95473 1010796 1e+05 160481
120656 107491 969909 1e+05 94064
92930 69119 979231 1e+05 347
100937 89627 957889 1e+05 103534
87730 112406 1001408 1e+05 56269
87107 90520 1012159 1e+05 112513
93073 100433 1003670 1e+05 141422
77956 109349 949074 1e+05 95286
110477 87762 1009229 1e+05 191564
122017 99463 999678 1e+05 153404
60284 95476 991563 1e+05 185364
102083 66050 955482 1e+05 112675
102135 123740 962944 1e+05 182118
90466 100338 1001779 1e+05 58037
164959 71817 969379 1e+05 104115
102543 86358 1005087 1e+05 105016
89977 79682 1005061 1e+05 116466
62745 96978 971284 1e+05 98614
106227 107935 978365 1e+05 54135
106923 102158 995732 1e+05 149727
113962 94782 975738 1e+05 192147
64179 60739 988892 1e+05 177970
107866 102151 967627 1e+05 168955
90408 99426 949919 1e+05 88296
79917 127361 982471 1e+05 69994
120671 78423 966329 1e+05 39726
102138 92488 970792 1e+05 121796
104536 90477 1001004 1e+05 177502
124803 93109 993888 1e+05 70775
70823 93759 951833 1e+05 145005
78784 76370 968097 1e+05 95683
101389 110912 989820 1e+05 41709
72194 120149 937519 1e+05 39102
113702 98990 998466 1e+05 22014
95835 108117 1001745 1e+05 62880
82661 117047 999760 1e+05 65469
83831 121747 996293 1e+05 90539
141878 140050 970791 1e+05 75222
93087 83919 973876 1e+05 129084
116765 140723 959259 1e+05 121809
80229 90941 988336 1e+05 81048
149906 82187 1021141 1e+05 128705
82772 122517 961666 1e+05 190872
85170 100950 989580 1e+05 152650
103814 96912 984812 1e+05 81482
106049 112834 956717 1e+05 16054
111970 68556 970892 1e+05 29095
139299 61605 963855 1e+05 9182
124437 112000 983888 1e+05 162125
54954 126763 999904 1e+05 55223
103880 83639 968615 1e+05 158865
71972 88720 1003496 1e+05 158179
105386 77260 982869 1e+05 24083
120820 159073 979755 1e+05 83481
98967 114235 967508 1e+05 198622
116913 133725 984785 1e+05 89220
83852 105449 993805 1e+05 56022
89089 97044 973232 1e+05 55880
100368 141493 945384 1e+05 176336
83576 111204 974518 1e+05 149338
111128 73808 983541 1e+05 50998
74967 136356 948591 1e+05 51528
114825 90613 999756 1e+05 93834
75609 110729 976995 1e+05 59994
94542 128163 1001738 1e+05 82307
96672 87813 987799 1e+05 89077
161256 97000 987854 1e+05 78195
97081 117297 957741 1e+05 1099
103210 100942 994077 1e+05 2777
111002 106423 968987 1e+05 77480
80697 109999 983251 1e+05 19914
100555 108317 974318 1e+05 748
139162 88800 1022732 1e+05 9551
93057 82362 1020916 1e+05 122232
62846 95618 983629 1e+05 149062
100247 131157 974569 1e+05 67869
82747 99159 976987 1e+05 198177
90647 91997 986251 1e+05 56587
110792 69160 951899 1e+05 29095
123608 117761 975154 1e+05 171900
114803 114410 956846 1e+05 36412
95352 73703 1001506 1e+05 34372
86139 80782 962474 1e+05 5257
124971 126084 961826 1e+05 84922
166857 56731 945576 1e+05 130845
112498 110965 946038 1e+05 196726
140564 101345 994382 1e+05 107599
113329 76891 982241 1e+05 99328
76200 104555 954415 1e+05 157031
91852 117366 950566 1e+05 113294
112711 155426 972296 1e+05 74506
117786 90665 981721 1e+05 163735
116650 67468 984807 1e+05 171541
62478 90342 940184 1e+05 26682
72146 90321 999572 1e+05 38258
102916 65933 959872 1e+05 64658
94280 92819 956803 1e+05 148206
134378 104470 961058 1e+05 89351
98965 116629 999356 1e+05 25930
89568 120205 962047 1e+05 195547
86773 91111 980978 1e+05 27667
98090 118520 1001715 1e+05 15742
94139 108273 988359 1e+05 34861
57577 111973 991330 1e+05 31758
102604 99002 968789 1e+05 168913
81405 120290 950626 1e+05 100067
102633 150217 948759 1e+05 171065
108527 108135 955683 1e+05 41491
93942 115487 981326 1e+05 185848
63309 153162 1016960 1e+05 194204
87079 93207 1007171 1e+05 105669
107758 111837 932419 1e+05 146988
70936 97017 970515 1e+05 164010
125289 90093 984530 1e+05 36140
119725 126629 992003 1e+05 156874
122255 89028 985688 1e+05 173044
89734 92710 1015002 1e+05 35768
128274 131611 982528 1e+05 64190
62304 126042 1001181 1e+05 196195
112172 104353 978422 1e+05 126840
92022 113593 980664 1e+05 190918
71811 122398 969517 1e+05 19531
109727 90442 962315 1e+05 170008
61375 116432 1015943 1e+05 121919
88353 125345 969923 1e+05 72814
115517 102278 988293 1e+05 76824
88762 115066 1023323 1e+05 172801
110501 78684 949851 1e+05 184007
71373 90715 984141 1e+05 103611
102116 77214 978375 1e+05 2300
115389 80074 970355 1e+05 13084
109940 109189 977482 1e+05 103553
89399 70408 965283 1e+05 159325
110704 117472 973365 1e+05 88798
106705 103913 971869 1e+05 40648
75252 98448 994790 1e+05 110916
77930 148490 955233 1e+05 6207
129757 99157 979019 1e+05 98656
61501 142180 1016241 1e+05 145439
135023 92342 968352 1e+05 45018
85153 125498 948149 1e+05 91682
85466 109255 1020609 1e+05 166111
87412 123226 976021 1e+05 3674
99221 104431 977474 1e+05 123652
95467 101659 968385 1e+05 72039
121325 78235 993115 1e+05 164534
112238 109195 959914 1e+05 14750
86535 64515 973027 1e+05 189268
125442 142917 994219 1e+05 110416
101931 63501 993432 1e+05 96079
116756 126392 942981 1e+05 101851
129665 80831 986398 1e+05 104140
107583 73950 970791 1e+05 1982
114757 89237 990044 1e+05 83850
121848 121894 1005055 1e+05 154089
109538 97257 1007674 1e+05 69455
72085 60297 1004638 1e+05 86622
131253 109243 968253 1e+05 174878
71288 122579 972853 1e+05 148209
81239 120966 1008503 1e+05 181532
101202 76520 963252 1e+05 47163
90558 105171 972104 1e+05 167124
126760 88223 957808 1e+05 171930
129297 115245 1004520 1e+05 155592
132007 114024 985111 1e+05 81645
100830 99763 975530 1e+05 51318
83977 96328 946647 1e+05 4855
99468 92080 967755 1e+05 26058
93779 85751 959692 1e+05 169458
110633 95342 946249 1e+05 84312
107043 114585 973239 1e+05 179287
84101 83453 1011342 1e+05 66610
127892 108628 976509 1e+05 194321
67856 96087 991957 1e+05 32751
91962 88360 996062 1e+05 121014
79275 101371 992217 1e+05 115743
112753 114321 971309 1e+05 79562
74370 109449 979674 1e+05 181900
101059 124751 1000611 1e+05 1848
83829 81173 960699 1e+05 164099
124542 116649 977081 1e+05 37878
78851 124458 947334 1e+05 54825
98164 92918 1008814 1e+05 110691
104938 75284 983021 1e+05 119751
89923 83105 997381 1e+05 171810
67716 80994 1028643 1e+05 92939
98333 80284 994491 1e+05 76652
110241 51489 980394 1e+05 142312
74205 105695 961876 1e+05 53197
112724 97418 974933 1e+05 168348
111218 98385 977046 1e+05 1031
100203 78047 954768 1e+05 98675
102153 79153 1014093 1e+05 134775
110248 127034 992637 1e+05 132351
120307 92633 981018 1e+05 129812
85467 104003 970464 1e+05 91284
85038 102243 965652 1e+05 150637
114258 88609 953327 1e+05 43143
84830 126383 989651 1e+05 98326
83885 105436 979632 1e+05 164493
146005 81552 1036131 1e+05 132070
81992 84238 979986 1e+05 124697
100744 113703 969003 1e+05 25858
67425 71504 1002536 1e+05 153695
100102 88454 980480 1e+05 123998
96517 96186 969336 1e+05 132687
96716 89948 977904 1e+05 110448
140818 76649 987049 1e+05 109801
93355 83161 1007112 1e+05 4558
111254 87979 992471 1e+05 58980
104352 118453 1011043 1e+05 149849
99356 108966 986721 1e+05 182354
125043 112001 952754 1e+05 31926
123912 86765 998833 1e+05 46455
69819 102785 1020753 1e+05 117647
76096 79585 1021383 1e+05 55034
104723 105962 974998 1e+05 171874
93060 112476 950553 1e+05 166257
89407 84055 1006352 1e+05 42458
105376 98955 982037 1e+05 87459
105760 137080 975336 1e+05 5894
103028 123074 980828 1e+05 171797
95049 80263 995322 1e+05 99442
130006 87131 963058 1e+05 26246
109375 118842 934283 1e+05 179388
86496 113032 1012410 1e+05 74761
153408 150746 962820 1e+05 166619
77690 115187 974897 1e+05 66443
85125 106618 997905 1e+05 25794
107084 81316 998852 1e+05 176925
125098 120184 935324 1e+05 100367
77106 97773 975841 1e+05 192131
145895 102790 966237 1e+05 30277
106953 112433 996909 1e+05 43327
98947 88862 935362 1e+05 59772
86630 86152 1019022 1e+05 176074
88023 91024 963896 1e+05 124558
124265 105511 974132 1e+05 60721
82530 108560 956825 1e+05 139531
72656 95341 950287 1e+05 99294
107459 93269 986868 1e+05 43439
92922 88685 975198 1e+05 164400
88521 101696 1019369 1e+05 78475
111602 99602 998803 1e+05 61877
82779 81466 982527 1e+05 113620
88101 133415 975614 1e+05 90934
74841 100783 1013115 1e+05 43169
121621 96886 994837 1e+05 109020
64182 120160 988623 1e+05 73318
120908 100616 994650 1e+05 188264
93558 87153 970053 1e+05 109748
104439 120312 980280 1e+05 104488
98342 95323 980881 1e+05 93958
123485 62779 979218 1e+05 138447
110157 66820 981253 1e+05 181506
110874 91396 983791 1e+05 124713
95323 88418 967491 1e+05 187753
181002 127107 989339 1e+05 197768
79936 116425 984376 1e+05 197193
99435 129547 1005833 1e+05 1740
118587 123014 993169 1e+05 29223
107689 119146 964535 1e+05 143751
131607 101258 1020632 1e+05 93622
113152 81504 1000107 1e+05 114438
107400 113429 978124 1e+05 275
89708 109024 949602 1e+05 158987
102196 92765 982948 1e+05 84272
147612 112752 977661 1e+05 191812
133621 64116 979874 1e+05 152037
138124 113759 981696 1e+05 93325
78398 101234 978311 1e+05 89544
117566 107283 995470 1e+05 180144
115459 90202 948371 1e+05 127211
138095 105659 998572 1e+05 102012
143318 66847 990373 1e+05 78227
99606 94978 994820 1e+05 128019
89686 76222 928436 1e+05 38942
120305 57140 997762 1e+05 58215
100151 124045 1034601 1e+05 140903
104026 86809 992291 1e+05 64242
111783 154879 989005 1e+05 957
61830 117867 984884 1e+05 138677
85159 126212 968711 1e+05 35834
94894 101350 954121 1e+05 186100
94850 107295 982792 1e+05 101344
120818 99875 949201 1e+05 125795
103347 61259 972652 1e+05 168878
103382 110188 962113 1e+05 117646
94820 127378 971618 1e+05 103221
116695 120768 975073 1e+05 79560
127421 113727 943579 1e+05 32493
96269 90005 960914 1e+05 51464
89187 99085 977293 1e+05 111109
122406 105623 967524 1e+05 153897
100156 129199 971164 1e+05 148489
76846 109090 991825 1e+05 161647
74061 83390 970915 1e+05 138003
116154 152029 995494 1e+05 83306
80007 114682 979970 1e+05 195437
65278 86141 965116 1e+05 158917
110185 51671 975277 1e+05 64826
127844 139637 985986 1e+05 195515
85613 91450 970697 1e+05 101234
66811 101365 1003938 1e+05 157470
92240 131459 971637 1e+05 124800
89868 125885 978307 1e+05 10095
102139 81008 944864 1e+05 36652
106300 119268 1034972 1e+05 185377
102235 95627 965119 1e+05 31646
113264 120099 971006 1e+05 19691
119699 94110 946089 1e+05 68770
115020 89181 999983 1e+05 148084
97919 122962 1000308 1e+05 144890
104625 115965 951333 1e+05 125767
118735 101864 977414 1e+05 157702
68098 109130 970696 1e+05 144211
84073 115703 959020 1e+05 92738
84011 101615 998552 1e+05 180274
124270 91230 985197 1e+05 168633
73124 76767 1004552 1e+05 168403
75905 63932 1000137 1e+05 147528
107755 144783 970097 1e+05 82888
109803 90943 968413 1e+05 144694
81927 96573 974430 1e+05 79142
108951 90327 974858 1e+05 150007
76103 85254 987966 1e+05 960
101573 131303 1006463 1e+05 23618
86959 124924 942248 1e+05 96913
100810 61887 964490 1e+05 136463
84541 73263 927828 1e+05 105655
135804 98317 994530 1e+05 56927
96928 130222 958198 1e+05 109593
93947 87245 966196 1e+05 171976
82787 99708 989317 1e+05 17839
92827 98296 1005090 1e+05 184738
80134 125782 969045 1e+05 34875
76356 123428 969755 1e+05 129494
120608 120706 963728 1e+05 99503
84499 112069 974793 1e+05 34
94580 139610 978669 1e+05 62981
70508 88113 945640 1e+05 170896
115639 124742 992954 1e+05 28473
145302 65803 945163 1e+05 173238
94370 96173 972487 1e+05 116946
124308 129340 1020207 1e+05 162934
141785 98865 987373 1e+05 47322
93350 90945 975905 1e+05 64870
139346 108400 962986 1e+05 195322
83856 99071 950084 1e+05 147883
75619 114483 987374 1e+05 19107
109986 105653 977673 1e+05 26029
122150 73268 959974 1e+05 164328
102212 151224 971895 1e+05 19753
152024 110598 982357 1e+05 134489
100594 129282 953043 1e+05 146623
92495 130150 982372 1e+05 78223
101571 104618 962638 1e+05 105092
95621 114643 999409 1e+05 26116
99028 109205 960196 1e+05 152144
101120 67280 996973 1e+05 14692
111365 112419 986624 1e+05 130819
119154 116618 971227 1e+05 166289
93848 130028 995286 1e+05 145959
125671 67315 982892 1e+05 18704
69636 100746 991714 1e+05 155304
109957 109082 979677 1e+05 185499
130012 115890 946912 1e+05 192746
112811 103803 927984 1e+05 173700
76600 102052 961700 1e+05 139404
77902 122039 1006946 1e+05 13546
87740 85809 1016094 1e+05 194019
111659 77596 1001834 1e+05 31221
96388 107331 978432 1e+05 119171
89553 98073 994469 1e+05 113583
117676 90713 977078 1e+05 184059
116242 126018 978412 1e+05 10224
83753 130549 966288 1e+05 173157
72284 97559 922604 1e+05 27086
103359 111735 949888 1e+05 148857
111543 96553 999823 1e+05 80894
99503 109747 1013911 1e+05 191815
76418 104520 982273 1e+05 15873
112823 109903 1006401 1e+05 90177
67508 93596 979226 1e+05 7542
116316 139077 987778 1e+05 193006
92079 94195 985748 1e+05 193835
116786 94402 961446 1e+05 122418
106682 138584 993725 1e+05 136081
133687 119436 984648 1e+05 109438
109864 84414 977979 1e+05 15092
63623 64543 998850 1e+05 12197
104298 105902 965287 1e+05 77184
113585 115733 983746 1e+05 21010
97675 154842 995855 1e+05 166761
98965 47788 1017104 1e+05 57647
132740 85178 1004862 1e+05 150834
71944 92241 950840 1e+05 154256
98056 85385 1001522 1e+05 15870
91379 95809 997512 1e+05 63746
114438 78518 987386 1e+05 164431
117723 96953 986830 1e+05 54548
71268 84919 975050 1e+05 100173
76779 79593 1006781 1e+05 152970
100251 98160 969240 1e+05 60565
82486 111862 983170 1e+05 83260
76043 103698 960905 1e+05 8660
87791 85922 976528 1e+05 109869
103634 92272 999372 1e+05 119819
91457 113639 951018 1e+05 28436
113246 59266 968600 1e+05 163155
45152 100446 983315 1e+05 65868
117910 83616 946070 1e+05 80707
81065 71661 949103 1e+05 57464
112376 128897 987008 1e+05 116953
114952 56874 972966 1e+05 106546
115172 131238 954999 1e+05 174824
95838 123329 986197 1e+05 111611
66902 141350 994919 1e+05 21578
105761 107931 963208 1e+05 59000
91508 137889 1018678 1e+05 62891
109523 113251 962712 1e+05 22951
131107 77289 958140 1e+05 141378
114542 76913 1006820 1e+05 180969
102176 87113 1023961 1e+05 147382
92576 79471 1020850 1e+05 172400
94207 130301 951761 1e+05 141207
87328 103024 975080 1e+05 16388
95888 90118 980459 1e+05 4940
107012 126500 983026 1e+05 102699
83710 123830 1005562 1e+05 149869
107306 86397 942210 1e+05 17376
129325 93608 989140 1e+05 111551
97103 63069 980714 1e+05 382
101181 78679 976039 1e+05 28462
98861 108483 955759 1e+05 22449
79249 108222 981523 1e+05 155499
117407 98774 958058 1e+05 86406
101111 91794 975372 1e+05 124600
121595 101020 988978 1e+05 105740
114208 79201 982771 1e+05 54453
80283 123150 968704 1e+05 188282
136062 102180 976847 1e+05 88298
72002 127183 988597 1e+05 84932
105274 98277 969300 1e+05 135687
117621 119055 968815 1e+05 79801
57357 111280 983506 1e+05 18507
142298 80709 993299 1e+05 163134
108961 90394 988459 1e+05 75361
89691 87781 964701 1e+05 77770
85399 87218 991803 1e+05 77217
122681 62836 964232 1e+05 20842
104074 109719 991290 1e+05 190639
133540 117469 980843 1e+05 60115
78300 74108 1032606 1e+05 115747
71083 77803 983514 1e+05 52486
95143 83118 968571 1e+05 97996
130280 136457 982201 1e+05 34112
75585 112871 993311 1e+05 49999
101547 118178 969096 1e+05 26280
118155 114790 962294 1e+05 147089
108408 71409 962844 1e+05 106936
87738 94506 964154 1e+05 36008
123504 88919 986949 1e+05 164802
96586 106548 992038 1e+05 127580
83735 96184 985170 1e+05 6785
88920 78332 992721 1e+05 32645
74014 78647 972723 1e+05 33080
85510 121388 991243 1e+05 112771
95040 73479 974938 1e+05 39747
81604 76822 996514 1e+05 36661
86075 97839 989656 1e+05 116486
78740 111319 989414 1e+05 22993
61153 90708 974344 1e+05 119925
81189 101593 993559 1e+05 57029
96435 73797 970433 1e+05 156988
110256 145210 982057 1e+05 67514
70522 87003 981622 1e+05 169864
61952 105717 999634 1e+05 85351
116584 104569 964585 1e+05 93571
110453 116483 983209 1e+05 121225
106104 62080 997393 1e+05 167595
118429 112361 1001780 1e+05 19100
56677 88980 970302 1e+05 131691
109576 87809 978682 1e+05 170074
106956 69532 957288 1e+05 148676
105971 101706 1005132 1e+05 70711
113666 106442 986192 1e+05 136663
68915 119760 967160 1e+05 130799
107688 79451 979347 1e+05 124950
106357 151436 950793 1e+05 65053
103943 106320 938044 1e+05 49994
138943 105553 949079 1e+05 99096
101437 73997 981368 1e+05 151213
83657 122187 998347 1e+05 53692
90385 93424 1006669 1e+05 10090
93307 107504 960037 1e+05 126568
114135 114549 977970 1e+05 72121
98982 91123 968896 1e+05 110371
111494 81649 977473 1e+05 106065
137241 97959 967652 1e+05 84019
77050 75968 986537 1e+05 101979
102570 117905 1005420 1e+05 15621
65754 99085 984382 1e+05 37961
124682 111610 976945 1e+05 25237
88335 75196 956088 1e+05 148979
65576 100612 1005069 1e+05 76476
98692 90631 953621 1e+05 101520
116993 81199 1000036 1e+05 8337
115008 117362 970784 1e+05 191908
106903 110809 969578 1e+05 195290
118530 92292 977756 1e+05 109428
116289 112322 1011754 1e+05 195425
121285 65070 994418 1e+05 104427
74839 128036 998722 1e+05 173031
124201 70508 974606 1e+05 119670
95928 130789 1002597 1e+05 173600
113220 98767 1000663 1e+05 125906
130697 118635 954168 1e+05 188192
125588 89979 980696 1e+05 78351
96368 107225 967845 1e+05 184263
74341 82353 976176 1e+05 110937
90517 102237 999416 1e+05 151978
121205 125496 938341 1e+05 35583
104369 144490 985281 1e+05 175079
89221 113631 1018198 1e+05 180115
104225 103112 954377 1e+05 157099
79010 94821 979337 1e+05 117395
95870 100434 936640 1e+05 47383
87547 113041 983284 1e+05 73223
76847 143833 1011203 1e+05 179958
93991 56193 999134 1e+05 20832
114518 114789 1001795 1e+05 154508
96108 101844 970142 1e+05 30270
102273 121396 961606 1e+05 2864
92519 119369 1001780 1e+05 171371
124068 146027 995791 1e+05 187716
107639 126503 981565 1e+05 189101
111260 91891 970786 1e+05 75004
102885 129066 994194 1e+05 6512
96856 115371 1019065 1e+05 123519
143393 104010 955091 1e+05 186089
99221 101692 998150 1e+05 148454
77803 81389 940121 1e+05 93928
106557 84115 980163 1e+05 58427
120911 82007 971574 1e+05 43087
107022 93543 986724 1e+05 192815
128644 110689 961754 1e+05 3820
101112 114750 950360 1e+05 142988
106953 85848 1005650 1e+05 170252
87379 104765 960679 1e+05 127445
104239 82234 993570 1e+05 137554
98973 76219 996890 1e+05 157258
93588 81559 984870 1e+05 143403
100235 79840 930892 1e+05 68018
98744 115604 981896 1e+05 83550
74603 125712 978794 1e+05 86799
115265 106314 991635 1e+05 174921
78946 74321 962963 1e+05 26676
70748 74132 1005042 1e+05 129086
118412 138805 977119 1e+05 159341
115983 99674 956296 1e+05 136348
116240 92895 1003197 1e+05 120293
106684 100605 986662 1e+05 48746
101867 110006 991586 1e+05 186854
104628 74370 966476 1e+05 35207
49319 82635 969970 1e+05 132670
115361 93975 967778 1e+05 13765
125725 70556 974234 1e+05 59016
91552 132409 1004166 1e+05 6798
90896 88539 988909 1e+05 77735
160761 68303 969499 1e+05 2801
87716 118006 1002833 1e+05 103870
92869 70762 986370 1e+05 55980
89860 111249 962705 1e+05 179834
118098 114344 1001240 1e+05 194868
122528 88701 981172 1e+05 77336
85438 129798 1011085 1e+05 64022
101234 99202 994717 1e+05 173148
108274 72336 965924 1e+05 180836
104434 84797 953735 1e+05 172069
67223 108997 992956 1e+05 31899
74885 100581 981186 1e+05 75696
100520 138751 990208 1e+05 162839
103221 109708 1021074 1e+05 96535
130609 97421 987335 1e+05 176067
87767 72830 990706 1e+05 56376
109977 99322 997828 1e+05 185388
68938 139189 1022621 1e+05 120514
119979 81190 979236 1e+05 12532
105790 95371 972520 1e+05 12158
102092 111877 959978 1e+05 95552
132194 96030 1012337 1e+05 180161
110686 115878 967618 1e+05 16413
62988 122944 997437 1e+05 151279
105640 74183 1017763 1e+05 8130
79655 113626 980617 1e+05 188212
111233 75339 965013 1e+05 141952
117836 105092 996471 1e+05 100842
91265 111488 967598 1e+05 10519
81060 139173 975889 1e+05 2152
99435 117423 1030443 1e+05 142764
107853 122304 978046 1e+05 61126
86678 120998 973163 1e+05 84884
112731 91924 998493 1e+05 73223
112762 75232 963079 1e+05 144165
125495 78862 1004201 1e+05 78555
128211 72887 971547 1e+05 10686
91848 78816 1010119 1e+05 78943
92498 129453 964033 1e+05 73197
115028 96267 1001098 1e+05 190550
91133 81289 967299 1e+05 12852
100966 83094 968332 1e+05 122335
159618 116615 979684 1e+05 10442
83278 110410 998468 1e+05 70292
66916 118369 966930 1e+05 106959
106540 128686 990372 1e+05 44416
113139 112040 983470 1e+05 89399
100330 131514 1015160 1e+05 101289
92136 120065 977561 1e+05 52127
104125 101160 974871 1e+05 107330
105281 78214 1017658 1e+05 125550
76986 112228 978947 1e+05 143016
83327 120855 1022550 1e+05 71656
120842 80280 986038 1e+05 177176
123189 132736 990163 1e+05 92101
114374 89274 1004088 1e+05 57521
134423 125121 997745 1e+05 40494
99008 120258 959173 1e+05 194247
86400 105463 983662 1e+05 17313
95781 90824 967388 1e+05 128877
65959 108830 970303 1e+05 118249
109118 97834 987417 1e+05 179084
87454 105588 964625 1e+05 156914
107314 80853 963794 1e+05 159411
103768 102097 1007850 1e+05 57117
137239 102039 979908 1e+05 54469
93540 98198 980665 1e+05 81402
96749 128197 1029221 1e+05 53865
99874 109814 967996 1e+05 106029
100206 86100 990684 1e+05 165589
103221 103301 988080 1e+05 164097
94904 91482 961244 1e+05 91595
74903 89230 991662 1e+05 47887
86059 126198 996069 1e+05 129185
106392 86748 991266 1e+05 49979
88949 78602 995943 1e+05 153564
95115 93664 972768 1e+05 49208
90258 127682 997503 1e+05 75575
95107 66408 990672 1e+05 23498
25389 74516 980315 1e+05 126204
61780 100174 944650 1e+05 130738
86269 93974 1016595 1e+05 122862
71652 117972 995203 1e+05 167611
130150 93578 993710 1e+05 140366
83142 101613 1002053 1e+05 17641
100106 82050 986611 1e+05 75713
89556 101432 982489 1e+05 32847
114650 94074 953992 1e+05 77074
99762 149263 1e+10 1e+05 124500
99307 81128 996584 1e+05 97201
85555 102755 975836 1e+05 14619
119125 108436 991759 1e+05 98449
94527 114382 982801 1e+05 135310
90901 104857 984797 1e+05 117076
101975 78106 974356 1e+05 167064
120744 70721 999250 1e+05 126461
88349 142620 1016061 1e+05 567
137294 120779 995494 1e+05 48826
91269 90153 985141 1e+05 32797
94257 61054 989410 1e+05 127188
89827 100393 997568 1e+05 186511
100384 70181 988069 1e+05 40640
102609 159509 969440 1e+05 155631
103110 129118 962098 1e+05 101702
67440 115725 978468 1e+05 165717
135846 115754 963206 1e+05 48487
108561 151997 966304 1e+05 188575
126436 110737 981307 1e+05 145293
89657 99733 980383 1e+05 44491
90277 87398 984353 1e+05 128390
73851 132997 951323 1e+05 124252
134567 71356 997061 1e+05 164752
111865 120958 994439 1e+05 179336
118329 101013 989343 1e+05 125416
89795 92300 1025404 1e+05 173738
123357 84829 991695 1e+05 70507
104244 68265 1010866 1e+05 161951
96704 69856 951777 1e+05 83553
90707 126293 988323 1e+05 165112
130642 79523 975084 1e+05 177096
67932 111415 990779 1e+05 83056
73674 97495 979554 1e+05 56565
91010 91020 997264 1e+05 21447
85283 113545 968116 1e+05 97079
119462 103627 1010602 1e+05 66944
89213 96581 1004569 1e+05 55765
85760 87774 936733 1e+05 7392
95946 85328 979437 1e+05 52558
108350 120678 1002442 1e+05 121384
102511 107074 1000682 1e+05 149559
102652 100965 1016916 1e+05 98977
129756 73581 1003249 1e+05 29813
93781 118002 982405 1e+05 107936
132257 114655 993028 1e+05 191527
118454 143802 972849 1e+05 191573
115824 123381 973469 1e+05 151510
109471 75788 984466 1e+05 143677
136207 107094 975123 1e+05 123342
76087 125238 1000125 1e+05 101490
95017 96644 960066 1e+05 170458
106480 99221 946533 1e+05 160395
115650 97491 962268 1e+05 117730
97066 136547 1012762 1e+05 88848
92995 113276 971992 1e+05 31813
99542 78601 994878 1e+05 57329
51782 93069 975168 1e+05 174590
62960 58759 981853 1e+05 40642
85605 109316 976912 1e+05 127260
74117 103230 951813 1e+05 190768
85762 93734 973315 1e+05 141188
131672 111741 1005251 1e+05 136899
132028 75367 962884 1e+05 138068
118074 94560 981216 1e+05 125689
113817 125443 1008574 1e+05 155406
96435 82644 944063 1e+05 98078
106992 125105 971897 1e+05 193717
101069 121648 950306 1e+05 163275
91111 97691 968767 1e+05 15507
97517 122159 993129 1e+05 149892
107316 128354 1002660 1e+05 52725
113455 109104 981993 1e+05 194595
107423 99240 978135 1e+05 138150
108665 84722 985478 1e+05 54162
117175 103558 993262 1e+05 16447
116353 99280 995128 1e+05 82079
68509 79336 1014386 1e+05 2325
98895 98285 993042 1e+05 149985
130472 103051 955586 1e+05 81478
134729 116706 1003451 1e+05 27071
92362 101836 938574 1e+05 32554
116559 102693 996619 1e+05 94125
97706 82812 995547 1e+05 128413
78973 99838 964107 1e+05 71547
85011 101210 1010610 1e+05 176436
84083 121506 1006988 1e+05 143169
78519 85190 982539 1e+05 31030
121632 102477 980402 1e+05 3968
113602 149345 1004686 1e+05 113102
99420 83881 945083 1e+05 3141
89944 88252 987198 1e+05 145852
141189 91724 979607 1e+05 90675
90668 113397 987082 1e+05 96574
129310 83008 945449 1e+05 112581
116705 82889 980578 1e+05 35374
137919 84398 1005436 1e+05 181024
98994 92248 1029393 1e+05 29239
97625 101227 967530 1e+05 147383
110493 86851 977938 1e+05 123517
79493 106569 1002580 1e+05 74844
83992 89747 978583 1e+05 168387
119991 88410 978462 1e+05 160526
90108 70373 984447 1e+05 21254
96275 97818 987525 1e+05 54775
101639 132558 957223 1e+05 176749
103255 106647 1011379 1e+05 195114
122876 107908 987574 1e+05 185475
87418 89420 955633 1e+05 127512
95161 64445 980224 1e+05 3747
124735 67639 998380 1e+05 48020
142805 113805 963271 1e+05 50719
117792 76273 982158 1e+05 107604
99903 120186 942869 1e+05 43531
99480 104237 968335 1e+05 175901
146429 95474 1006431 1e+05 181405
107019 73997 981451 1e+05 155241
112768 111343 978053 1e+05 140419
77024 132389 950290 1e+05 88863
103601 105349 986417 1e+05 25913
112971 67642 1000229 1e+05 171693
68203 75877 995206 1e+05 164031
101759 93057 964520 1e+05 95411
108212 129657 962102 1e+05 21105
98772 105429 972374 1e+05 141195
111825 89128 978971 1e+05 75382
70636 74356 992790 1e+05 18555
85946 76909 975288 1e+05 121358
35030 120517 968255 1e+05 108872
91636 101699 977423 1e+05 51245
85313 90912 982019 1e+05 31016
76930 84754 977564 1e+05 146517
66147 112245 965217 1e+05 45754
99870 125682 964309 1e+05 20144
125399 110355 997169 1e+05 70712
132117 105471 979286 1e+05 21581
100488 110274 1017519 1e+05 15710
118977 95221 971799 1e+05 73810
115235 56565 992022 1e+05 8820
84084 83823 978824 1e+05 5281
79094 76736 974694 1e+05 127558
107946 111985 968027 1e+05 149966
100454 127850 980197 1e+05 159410
94536 101342 943733 1e+05 27784
88678 73484 926375 1e+05 67202
103461 100075 987330 1e+05 111106
100815 107055 970173 1e+05 26830
87246 109060 959266 1e+05 184696
85791 83756 1014938 1e+05 18309
105386 98812 994207 1e+05 105501
72800 90853 974652 1e+05 74
55247 56712 1007488 1e+05 118923
90325 113837 974119 1e+05 119897
61503 97010 956213 1e+05 164358
120419 93938 982355 1e+05 36392
84448 106197 973276 1e+05 59593
127506 90700 1022573 1e+05 22759
111464 100957 989751 1e+05 193946
92762 82671 988887 1e+05 109046
90877 120386 982663 1e+05 123065
107281 90244 987063 1e+05 157168
107576 118530 1005861 1e+05 199250
81259 77376 963198 1e+05 183013
135134 137738 997395 1e+05 4011
106788 111581 977220 1e+05 188800
103143 58096 965199 1e+05 130019
109734 98544 974871 1e+05 73627
101184 124706 935676 1e+05 126769
146478 76849 984984 1e+05 176403
100700 116752 972035 1e+05 110897
81156 115751 1003434 1e+05 92666
100250 124119 954966 1e+05 189481
135087 88988 969677 1e+05 18715
56365 94265 969209 1e+05 20191
83000 106952 968672 1e+05 86135
79743 84848 983842 1e+05 191214
154692 103028 974391 1e+05 116348
63408 133824 989373 1e+05 134533
95447 74812 965160 1e+05 34137
80000 83364 975880 1e+05 74027
125928 93032 980545 1e+05 147516
100024 80171 1025299 1e+05 112517
85841 110418 970704 1e+05 13088
87262 82483 960679 1e+05 83337
84989 118973 944889 1e+05 199131
107508 153268 975964 1e+05 57472
113753 94362 966321 1e+05 139906
85769 70330 971837 1e+05 33627
92932 114786 964235 1e+05 74953
95788 86964 942158 1e+05 38738
83712 122452 972310 1e+05 61630
59913 129357 1035391 1e+05 133289
67311 92837 1028058 1e+05 2522
102409 69518 974657 1e+05 89060
97122 73884 938048 1e+05 161924
110579 109615 984016 1e+05 188616
101792 129916 978492 1e+05 90654
122556 88093 945382 1e+05 176059
135168 123499 966502 1e+05 136422
113465 95399 984445 1e+05 145911
92956 106710 958269 1e+05 100988
87405 139783 970180 1e+05 17760
90521 94689 1002307 1e+05 135361
101453 123048 995885 1e+05 122765
88171 71456 1001326 1e+05 95393
81703 121896 990718 1e+05 173811
103793 100392 1009593 1e+05 16606
115247 111950 956902 1e+05 133318
118628 104306 977261 1e+05 190186
127660 96449 961027 1e+05 128175
118228 121833 963522 1e+05 34416
91650 84656 969908 1e+05 45189
128237 108716 979415 1e+05 41514
89182 71978 950592 1e+05 105610
49989 116723 990259 1e+05 64065
103990 97843 955669 1e+05 168340
96901 94525 968746 1e+05 146563
95154 102336 1007044 1e+05 34911
101283 114845 976107 1e+05 4654
96493 73479 1022964 1e+05 95362
102086 109613 1014605 1e+05 167843
88967 107179 987798 1e+05 190572
82697 94762 955935 1e+05 89396
99648 129822 953102 1e+05 2704
79319 113606 984835 1e+05 31614
87424 108817 988597 1e+05 71081
99445 92028 958813 1e+05 84897
82344 86591 987944 1e+05 137424
120768 92610 995524 1e+05 140674
83732 78048 965575 1e+05 19233
89781 123121 965976 1e+05 110643
91887 105521 1006128 1e+05 151103
78401 105790 1008022 1e+05 143246
69416 113083 975232 1e+05 21691
121523 116778 1014233 1e+05 118612
91019 108862 1000283 1e+05 37348
100790 136965 998904 1e+05 42343
108078 121169 1018798 1e+05 92883
94400 110766 991990 1e+05 133174
88798 92400 1022372 1e+05 8529
98928 71650 984347 1e+05 18672
145929 114563 988994 1e+05 41109
98194 140628 997820 1e+05 166516
92695 116450 950011 1e+05 107806
84099 118989 964155 1e+05 99419
78878 96702 946559 1e+05 47686
108065 137228 993594 1e+05 59573
93390 82979 938852 1e+05 160986
81376 97349 962898 1e+05 109202
114391 109021 961027 1e+05 176367
63675 87966 958304 1e+05 174065
86125 111520 994170 1e+05 46605
114740 87313 982772 1e+05 142830
88439 85918 984864 1e+05 26254
99474 110197 969939 1e+05 103877
111087 108146 977938 1e+05 49348
92565 105166 996342 1e+05 138709
110487 117472 965109 1e+05 70502
92501 98159 962823 1e+05 96617
94551 84792 995113 1e+05 183972
99636 98280 973041 1e+05 32986
102101 123093 998982 1e+05 192043
101990 115966 1008303 1e+05 90033
116927 133521 954131 1e+05 42581
79067 94320 980822 1e+05 123875
117113 119453 974279 1e+05 1539
86697 131902 963401 1e+05 34112
129370 102332 1015769 1e+05 126758
48110 90527 962299 1e+05 196119
130857 50023 956223 1e+05 173289
103432 125679 991560 1e+05 175937
128173 103045 1003248 1e+05 36097
126573 108717 991141 1e+05 37752
110476 95237 962286 1e+05 78995
97785 86383 978080 1e+05 88663
115920 108794 977875 1e+05 44791
88353 114337 989285 1e+05 117512
65828 86596 965036 1e+05 136274
88067 101197 979217 1e+05 166435
120652 108358 972480 1e+05 184908
121188 130894 964826 1e+05 51430
72856 114039 1010391 1e+05 81977
109907 108400 961278 1e+05 165466
71812 78976 991758 1e+05 189357
102200 121469 961932 1e+05 87810
95439 64670 1019473 1e+05 154868
127789 99362 999478 1e+05 109610
68284 128486 990177 1e+05 34164
98298 110807 935852 1e+05 84113
71841 91172 981206 1e+05 142217
68781 89796 1001846 1e+05 8226
71721 55265 972804 1e+05 132170
102496 108715 981645 1e+05 140790
100618 100481 1000311 1e+05 79323
74628 79310 1032262 1e+05 159546
75205 124413 971913 1e+05 143089
117776 64192 978985 1e+05 17755
98850 105260 1011142 1e+05 177235
80262 99175 974992 1e+05 24242
129975 112145 973083 1e+05 114343
114146 88832 957586 1e+05 161457
80747 93749 985917 1e+05 160482
91550 118907 991273 1e+05 22918
117242 95493 967698 1e+05 127704
105524 85472 1018591 1e+05 87820
105304 102764 968131 1e+05 198700
115150 88379 982628 1e+05 166661
95901 91599 990946 1e+05 87021
134240 102537 963177 1e+05 46488
103242 89091 1007116 1e+05 173145
86458 69512 950371 1e+05 97583
73712 95716 972263 1e+05 71253
125340 90534 983579 1e+05 7865
99794 112170 995804 1e+05 56702
133352 109710 990675 1e+05 186458
87124 69325 991204 1e+05 138697
99466 135233 995945 1e+05 99374
54898 127843 981204 1e+05 116296
84506 121813 983592 1e+05 41707
82123 107501 1007903 1e+05 192654
81425 106744 1002099 1e+05 83277
91216 83104 995425 1e+05 101973
131233 117669 985145 1e+05 175450
91704 116259 982013 1e+05 2956
104376 84082 970815 1e+05 11868
133680 93558 995023 1e+05 16708
117904 99453 991989 1e+05 124782
94423 107675 996770 1e+05 17806
104294 80033 997905 1e+05 40706
125472 130453 1004865 1e+05 191488
96945 79622 985675 1e+05 105632
71591 133796 960759 1e+05 11052
123234 79671 974272 1e+05 131154
75717 117306 968888 1e+05 14511
96220 147385 964152 1e+05 178955
103113 108206 1039889 1e+05 186457
122845 113899 998930 1e+05 199686
116495 59917 974083 1e+05 19492
67187 101626 1017934 1e+05 172418
66264 94896 961005 1e+05 44712
86846 110374 1003279 1e+05 193801
89496 96228 959612 1e+05 193359
74558 114573 965193 1e+05 176550
98449 86736 955264 1e+05 27737
117285 103400 1005399 1e+05 123360
110868 88766 949555 1e+05 196803
111677 84079 982419 1e+05 89461
132916 130809 964325 1e+05 62544
85989 95591 980608 1e+05 168772
108189 101144 975864 1e+05 167548
109747 95412 1017568 1e+05 164217
116292 96325 1001460 1e+05 109013
119234 133186 982911 1e+05 34495
116599 125370 989414 1e+05 101174
84459 114274 994139 1e+05 36357
85930 92217 949170 1e+05 119424
118181 130025 984337 1e+05 29225
136859 124658 995770 1e+05 97792
97897 90294 1002175 1e+05 105372
118459 102919 970636 1e+05 118038
84366 127742 999195 1e+05 34821
116655 98227 980408 1e+05 134434
118219 103626 1013263 1e+05 26475
131510 102122 971322 1e+05 22623
101120 53946 989371 1e+05 69777
81847 91870 1005537 1e+05 49270
111017 101601 988126 1e+05 22983
113133 102159 964872 1e+05 91326
92439 116444 984974 1e+05 34455
100759 92168 1008490 1e+05 181308
72218 138337 971341 1e+05 177771
97896 132387 986162 1e+05 132465
140517 107064 993752 1e+05 41553
89516 85939 957796 1e+05 30886
139792 90835 910417 1e+05 1243
135406 119989 965303 1e+05 100417
68666 72312 969614 1e+05 76685
94640 117374 1010837 1e+05 163258
96043 100410 949910 1e+05 31929
113440 103086 987688 1e+05 131570
63686 110189 976326 1e+05 78454
97105 126978 983596 1e+05 129387
62653 87999 987451 1e+05 137813
98178 117665 988796 1e+05 66991
106427 93421 968375 1e+05 18444
119141 104678 962693 1e+05 49224
123793 107731 972390 1e+05 84013
51151 78993 960414 1e+05 178076
103386 103026 1018334 1e+05 193374
88251 78577 972762 1e+05 113059
108245 114846 998020 1e+05 24513
89300 123330 1001732 1e+05 143680
82894 113010 986066 1e+05 106002
131889 61924 963484 1e+05 35203
122216 80208 991700 1e+05 136986
113353 55557 1003812 1e+05 167191
121377 171124 1009922 1e+05 165583
67985 79232 933270 1e+05 144926
79775 101767 998061 1e+05 111961
94710 114239 1017996 1e+05 90577
118601 87196 964998 1e+05 18918
78895 118014 1015400 1e+05 79785
53925 90225 993550 1e+05 187025
84816 89170 938822 1e+05 196750
111065 122318 975287 1e+05 148637
74931 87300 958779 1e+05 86137
83919 120582 968465 1e+05 12762
82055 125726 1024130 1e+05 165452
109590 82311 967769 1e+05 29954
122374 57220 969902 1e+05 97748
117685 102359 991081 1e+05 21405
96489 83397 964981 1e+05 144872
79299 117858 973119 1e+05 94608
102453 87352 1010386 1e+05 155483
120227 103625 983361 1e+05 122730
110850 75716 977794 1e+05 69859
100097 106369 957315 1e+05 17733
75618 136167 995659 1e+05 180178
82365 79488 962384 1e+05 49005
120702 80182 978041 1e+05 111452
105234 71795 990629 1e+05 96064
120674 104632 1001744 1e+05 62326
82868 94396 1004074 1e+05 1452
77856 91234 961948 1e+05 52628
116872 79663 974656 1e+05 91186
118440 119880 976861 1e+05 169295
71011 80907 1032478 1e+05 97622
133075 65097 977001 1e+05 29264
113731 92217 1012997 1e+05 136236
115036 119138 969216 1e+05 89705
131541 101451 996840 1e+05 85811
139055 102273 997518 1e+05 102259
96571 124813 1011647 1e+05 84640
130030 87482 1019950 1e+05 33813
105477 69642 1005195 1e+05 102187
118560 109862 982905 1e+05 158778
105472 91385 983516 1e+05 83110
115541 116135 990099 1e+05 55426
110895 91867 1003219 1e+05 43858
64987 99682 990966 1e+05 131977
78883 92700 966632 1e+05 2449
82457 83827 1003506 1e+05 11285
97205 104119 961446 1e+05 128474
138654 88537 964523 1e+05 6937
136097 94595 1006253 1e+05 28013
55883 81264 945816 1e+05 197713
100067 101598 1021617 1e+05 4847
69810 143091 998843 1e+05 150322
100434 97879 978222 1e+05 2458
83386 114529 988492 1e+05 141931
56588 105490 981853 1e+05 17983
75848 98203 991878 1e+05 103113
104939 58836 1002851 1e+05 15500
105352 90426 970863 1e+05 96750
84596 81307 965746 1e+05 27528
73866 82629 988194 1e+05 187754
103496 125105 998371 1e+05 47295
96880 119083 983502 1e+05 142309
84277 115291 1005879 1e+05 5924
97825 109149 958175 1e+05 146365
69236 126695 994531 1e+05 72115
106566 116381 947275 1e+05 141610
95654 66399 952264 1e+05 62166
84315 118916 985427 1e+05 86462
123354 73090 942921 1e+05 137208
79263 115905 972580 1e+05 157273
81394 115079 968105 1e+05 67634
101868 73251 989125 1e+05 69109
121495 93924 994198 1e+05 51204
123890 104544 981812 1e+05 125687
81975 69337 1019765 1e+05 72286
92621 83066 980235 1e+05 94377
70470 99258 982218 1e+05 20614
90107 125536 962574 1e+05 175808
115302 62891 998893 1e+05 77106
119657 88443 976779 1e+05 195509
117025 95806 973150 1e+05 68282
92573 107333 975936 1e+05 67806
90304 117466 957899 1e+05 196057
112728 77394 988784 1e+05 127267
67776 92903 999317 1e+05 43481
118236 127888 983509 1e+05 53515
111694 78228 967314 1e+05 168264
119781 97666 972957 1e+05 144728
95968 55946 1001784 1e+05 23756
112607 96158 948547 1e+05 95478
66229 79690 954933 1e+05 165245
153970 131003 972505 1e+05 38864
75081 137976 963832 1e+05 198572
82182 68534 969187 1e+05 39599
67845 88492 963315 1e+05 70999
121214 72518 977182 1e+05 29255
118025 106943 990776 1e+05 26603
117085 95896 935721 1e+05 40693
115345 103494 976765 1e+05 61642
81524 100237 976283 1e+05 187023
94890 78324 958663 1e+05 49574
113659 122793 1017848 1e+05 140686
104020 93269 996004 1e+05 18462
47496 112232 1001109 1e+05 36940
98479 118116 976705 1e+05 16575
68211 97124 927356 1e+05 181680
60932 71463 994388 1e+05 110175
103809 85126 984516 1e+05 36010
134985 89304 989623 1e+05 182682
66817 117807 974006 1e+05 144977
110888 94275 972983 1e+05 181136
90850 120419 994787 1e+05 119212
66920 112290 955731 1e+05 113777
92060 132741 976099 1e+05 190629
105954 62216 1006412 1e+05 130170
102773 105386 959724 1e+05 108574
128365 127916 984394 1e+05 189444
127349 116933 965314 1e+05 75777
108343 97748 963748 1e+05 169312
92765 104910 992216 1e+05 47696
98543 99155 999073 1e+05 116746
117386 111816 987604 1e+05 110687
96531 131422 985010 1e+05 97973
105675 123524 988641 1e+05 182142
92655 120800 977914 1e+05 83949
115957 67816 977626 1e+05 121225
106776 95370 964560 1e+05 18499
88755 98961 962266 1e+05 166325
114461 97068 972785 1e+05 73109
138497 111717 952454 1e+05 13967
107859 98627 979508 1e+05 4218
99300 82624 941260 1e+05 171417
94914 117663 985739 1e+05 133790
115647 105140 972881 1e+05 48961
124335 105857 969575 1e+05 184162
91460 121866 999715 1e+05 59525
86423 79761 970814 1e+05 79812
122639 86446 1000268 1e+05 93125
118467 112086 996439 1e+05 146345
103948 92502 980981 1e+05 186289
75047 99554 940331 1e+05 152093
89852 131605 972367 1e+05 168176
126893 103114 976685 1e+05 155831
110646 87936 984585 1e+05 49665
122202 95921 986627 1e+05 5113
77017 155959 967505 1e+05 118364
113443 134472 948250 1e+05 175111
81822 85118 963346 1e+05 108389
117334 127935 1018270 1e+05 69208
118916 82437 958799 1e+05 138120
109165 118447 959279 1e+05 148414
125387 85668 999931 1e+05 78904
108750 100178 932390 1e+05 45937
114492 114774 1015488 1e+05 88985
71760 48836 937616 1e+05 38433
116866 115596 951016 1e+05 140029
97589 109004 960718 1e+05 198331
91259 123834 1002145 1e+05 187143
112910 94806 1002747 1e+05 85621
81008 104206 947417 1e+05 28618
104708 106328 940462 1e+05 163367
109421 82874 961703 1e+05 198200
72716 131595 990522 1e+05 113184
61827 101839 969425 1e+05 139057
97319 108315 933024 1e+05 139141
103384 77292 1000654 1e+05 183765
92284 69939 996321 1e+05 39162
109154 101132 944246 1e+05 59279
81284 94983 964095 1e+05 741
110452 108039 965356 1e+05 68996
84932 114345 973334 1e+05 126221
122403 116812 999136 1e+05 82179
98939 110812 977540 1e+05 127706
122641 115960 973786 1e+05 159090
114795 119184 986669 1e+05 118127
122616 119807 949440 1e+05 3528
90821 107461 976664 1e+05 157820
78828 100524 951447 1e+05 67417
106671 97025 971155 1e+05 134741
125341 98931 959812 1e+05 152106
119013 118350 1009475 1e+05 176660
63118 123116 976033 1e+05 80927
83651 118130 937632 1e+05 142019
108852 80191 961662 1e+05 163647
91492 76177 970643 1e+05 130876
101158 75322 951330 1e+05 125433
88738 110912 984667 1e+05 173193
112210 90840 1002183 1e+05 131577
89267 76101 1021382 1e+05 173062
93960 93270 932538 1e+05 73477
92274 128635 965688 1e+05 108020
125575 110138 967324 1e+05 109197
105868 140787 957937 1e+05 196099
82542 110017 1000940 1e+05 204
92365 110124 1002909 1e+05 122713
128133 87483 999703 1e+05 191875
107252 86459 992707 1e+05 45744
122129 100962 977681 1e+05 89621
108327 103224 1019037 1e+05 30845
93771 69417 987034 1e+05 89916
102140 108252 970677 1e+05 34279
81039 38426 978364 1e+05 161244
85084 114987 1017287 1e+05 38533
106216 104912 987147 1e+05 36672
128524 92175 968087 1e+05 32865
111410 59607 993334 1e+05 20226
106909 57931 1012976 1e+05 186462
95411 104624 947302 1e+05 85357
100113 86117 964303 1e+05 23886
135597 73874 982358 1e+05 164630
70847 93033 970589 1e+05 34058
86206 106586 995785 1e+05 112723
132916 76858 983485 1e+05 37308
94633 96679 988146 1e+05 61514
83952 116803 969694 1e+05 199559
131568 105649 983209 1e+05 191242
78389 97066 977620 1e+05 17180
72269 104973 988838 1e+05 61084
83574 118487 973463 1e+05 37050
90317 93788 989325 1e+05 5936
120348 110368 988102 1e+05 169397
93259 121173 956402 1e+05 182083
85834 86415 1021245 1e+05 43249
144230 76244 1000513 1e+05 134633
105875 97653 961598 1e+05 168911
98768 89538 981514 1e+05 131653
114106 107405 954625 1e+05 134656
100411 90306 984490 1e+05 118886
102967 177486 948649 1e+05 29599
117727 102077 983843 1e+05 125835
98470 50410 1012193 1e+05 27940
116725 98488 994280 1e+05 42815
126771 83706 984050 1e+05 8665
105837 110980 956796 1e+05 123056
117792 97103 1001440 1e+05 147185
90403 83413 962670 1e+05 51300
93812 112918 948516 1e+05 45533
133638 101546 965931 1e+05 192341
110141 120518 985123 1e+05 22398
80529 123629 979218 1e+05 183262
77587 98025 975007 1e+05 69559
108542 140936 950281 1e+05 12501
92667 72545 986594 1e+05 127580
77379 100681 991159 1e+05 97792
33917 104210 968609 1e+05 116263
106186 158361 982814 1e+05 190146
58698 92079 967217 1e+05 198693
104252 115263 936032 1e+05 131263
96378 123503 978693 1e+05 147062
114748 124009 959639 1e+05 176108
100732 122824 986741 1e+05 175878
103961 115378 991318 1e+05 191807
108572 77039 992872 1e+05 14206
154520 124927 958462 1e+05 163993
104538 92895 991464 1e+05 60067
92635 76346 1011043 1e+05 128152
103226 98971 968673 1e+05 74256
89286 82927 942044 1e+05 32313
127949 101760 978656 1e+05 31806
88567 97882 971860 1e+05 111075
92122 99911 986486 1e+05 22813
77272 108908 993529 1e+05 144564
96701 90986 972706 1e+05 166462
117644 68541 979918 1e+05 72026
128938 111849 1004718 1e+05 52694
86227 126370 1007293 1e+05 103381
105896 94139 966296 1e+05 101773
78031 71534 992596 1e+05 123199
70200 71790 976196 1e+05 86841
80274 90337 938358 1e+05 98658
113093 111987 990314 1e+05 8402
126979 70212 965286 1e+05 136051
89360 83513 922728 1e+05 130815
111229 101000 977376 1e+05 82020
93425 103200 963185 1e+05 116662
83137 99538 963500 1e+05 189803
108017 108140 981038 1e+05 158476
98683 80435 962110 1e+05 189970
129642 94845 968918 1e+05 195226
96420 77825 973382 1e+05 21444
87739 119680 1023061 1e+05 169309
113309 78002 1008808 1e+05 170364
130070 115782 988092 1e+05 153355
73130 71845 980947 1e+05 110002
87205 72512 968177 1e+05 160655
119515 61962 1004730 1e+05 47845
95282 97680 977634 1e+05 129399
97921 147005 974005 1e+05 194424
99606 129547 955813 1e+05 52902
139872 118205 1021904 1e+05 95538
122944 99572 1002670 1e+05 138734
95218 118627 951519 1e+05 12939
138125 100678 969180 1e+05 82198
123787 92254 1010700 1e+05 7234
123141 83579 936967 1e+05 130346
105629 104991 976654 1e+05 22981
91670 95796 990672 1e+05 93883
68505 131660 986671 1e+05 63280
91174 123905 953449 1e+05 69282
87400 98073 969142 1e+05 128188
123305 99595 994979 1e+05 57041
106691 108712 990255 1e+05 41048
108478 96901 978518 1e+05 81728
81284 127527 986663 1e+05 174719
111120 90885 966183 1e+05 5049
119088 85554 997010 1e+05 71676
93299 126157 963817 1e+05 108594
120270 94001 987138 1e+05 33404
106583 54200 967076 1e+05 91757
98459 117179 994815 1e+05 162847
87474 83933 982834 1e+05 82827
100093 138486 935893 1e+05 176580
123540 114391 1014471 1e+05 101506
92170 115406 985056 1e+05 96573
118993 94994 938222 1e+05 138561
102014 108097 989356 1e+05 155403
129298 101884 1011038 1e+05 31594
65376 109955 972063 1e+05 7436
118600 99810 945821 1e+05 75055
105437 74406 988055 1e+05 103730
121989 102545 976617 1e+05 47451
85764 94964 984755 1e+05 153824
125236 82478 960231 1e+05 142438
99756 123911 970380 1e+05 66392
84561 91214 978977 1e+05 36478
81642 91497 966880 1e+05 135427
94354 102382 964329 1e+05 3218
123194 70727 992057 1e+05 92195
81744 120177 972924 1e+05 178638
69460 77513 1009147 1e+05 154825
118233 78694 975197 1e+05 16461
115686 114898 958282 1e+05 138458
84204 87265 965565 1e+05 19754
87827 166432 940862 1e+05 82085
125511 87881 964915 1e+05 170534
81453 86751 960002 1e+05 28318
93042 76236 993317 1e+05 144612
75292 102456 1018785 1e+05 178042
102952 84513 997610 1e+05 11311
82996 105442 956606 1e+05 39072
113295 75868 950009 1e+05 30245
127408 101827 983774 1e+05 50442
124007 78049 993687 1e+05 84641
99447 97109 1003415 1e+05 88542
109391 131356 1009419 1e+05 39318
116296 120580 981008 1e+05 103876
97195 74599 972011 1e+05 59186
121084 127724 995730 1e+05 172698
126542 128269 967918 1e+05 163588
55737 90394 1008910 1e+05 84033
118352 87637 995151 1e+05 197144
110138 77982 991411 1e+05 22123
65448 83394 968108 1e+05 104162
74273 114549 982969 1e+05 75355
75101 111330 951234 1e+05 133043
105135 127435 975174 1e+05 107354
100400 109121 1009843 1e+05 27288
98622 172360 949869 1e+05 27162
106645 133959 973687 1e+05 7553
89002 105381 982588 1e+05 132635
105899 139199 953653 1e+05 172762
113373 130168 964825 1e+05 60817
96567 90543 961271 1e+05 85324
109848 109539 1023804 1e+05 176630
98960 101826 973757 1e+05 144454
79127 85417 946673 1e+05 71459
84521 93295 947995 1e+05 125465
89131 138393 1027435 1e+05 52203
111099 87118 977124 1e+05 92700
130580 127818 971315 1e+05 866
128758 102167 995826 1e+05 52546
117337 99484 973506 1e+05 95079
126414 104245 941045 1e+05 48929
75350 82199 976938 1e+05 103061
99448 106374 964119 1e+05 124940
128903 95590 963404 1e+05 116253
87425 108109 1000403 1e+05 175248
104186 131348 992905 1e+05 116570
108832 113174 978208 1e+05 47628
102504 119342 993963 1e+05 48654
82436 96323 994673 1e+05 42104
61452 101848 973054 1e+05 116514
125919 98151 973314 1e+05 25743
122614 77001 985404 1e+05 111737
97089 116656 974365 1e+05 161404
97329 111447 990415 1e+05 91440
108815 96824 966806 1e+05 198013
117981 89283 976191 1e+05 59207
93920 115255 961066 1e+05 123345
91996 82096 955401 1e+05 169954
117309 94655 999621 1e+05 9605
108133 102826 977483 1e+05 47357
92777 83474 965932 1e+05 181104
96379 93378 982472 1e+05 52585
82204 112088 999725 1e+05 175698
103979 102081 991206 1e+05 10990
101548 100233 986792 1e+05 104772
114875 82705 980300 1e+05 99727
106745 96311 934481 1e+05 152452
73574 122398 977882 1e+05 52805
89389 76985 1022272 1e+05 147136
108233 132341 980194 1e+05 180858
104091 58591 975833 1e+05 190934
124193 87685 991883 1e+05 88905
84650 71070 997955 1e+05 138972
107503 110824 1009606 1e+05 107131
115365 109720 973328 1e+05 164150
96104 96361 1019731 1e+05 182383
98205 60481 973490 1e+05 153604
96703 84963 987552 1e+05 23938
89151 90422 1016703 1e+05 64861
99346 80837 1015267 1e+05 164485
104710 109385 978667 1e+05 146238
61726 93975 1004830 1e+05 38877
115308 105772 985483 1e+05 102534
121110 109840 954871 1e+05 104765
107843 129694 981545 1e+05 145606
107642 77563 1019659 1e+05 133131
104047 86914 994983 1e+05 165509
129462 106545 975668 1e+05 149841
68131 79818 967196 1e+05 64946
124069 109933 992489 1e+05 131214
78743 77746 974473 1e+05 184698
79083 125326 990647 1e+05 70127
116072 108487 987404 1e+05 91887
103014 102579 988349 1e+05 165074
128574 87684 991014 1e+05 60275
97483 91985 1001193 1e+05 160615
91487 136458 970560 1e+05 15453
92929 96897 953037 1e+05 66324
116672 82594 1005314 1e+05 138694
79924 89815 961760 1e+05 24407
125622 136039 1006788 1e+05 95500
75286 92713 988949 1e+05 85361
71858 145750 987155 1e+05 1809
98881 105110 997382 1e+05 137443
85930 111270 948540 1e+05 193486
97540 97433 991772 1e+05 153714
100502 114406 1017705 1e+05 194008
109183 71888 1002606 1e+05 171830
91489 98177 961440 1e+05 187073
148408 79931 978824 1e+05 5687
105969 81681 1001654 1e+05 117234
115231 120372 963378 1e+05 123183
78223 70215 937587 1e+05 63002
92835 101003 974314 1e+05 22300
90492 94039 988507 1e+05 98524
73289 125110 970535 1e+05 117040
144486 98792 980379 1e+05 188822
78878 100004 1006184 1e+05 141354
55753 120551 966038 1e+05 136313
94311 112850 974578 1e+05 48656
101581 103314 977427 1e+05 131651
59873 109709 956393 1e+05 33162
121967 111610 970449 1e+05 183710
91743 90941 996129 1e+05 139469
107283 85043 992512 1e+05 196406
103985 113600 946573 1e+05 53116
121660 109250 976755 1e+05 63852
108140 93780 984071 1e+05 133926
94648 107712 956489 1e+05 198779
151995 61887 982821 1e+05 10776
119871 112171 965057 1e+05 86543
88111 119429 960844 1e+05 127329
104418 124756 991815 1e+05 196629
91740 79385 1032901 1e+05 147852
118741 97926 1007136 1e+05 3558
70325 91797 975416 1e+05 56357
117515 114207 978505 1e+05 83846
91194 121691 997750 1e+05 191872
69180 58560 992913 1e+05 122426
72499 86453 986112 1e+05 113024
93025 103563 962362 1e+05 54189
98594 114453 991066 1e+05 151073
99875 90969 1008912 1e+05 35493
111695 79544 961086 1e+05 183366
126542 119884 980504 1e+05 109284
88387 98041 1010021 1e+05 143979
138639 69559 974627 1e+05 76467
92714 89743 978532 1e+05 83167
126159 119939 1004434 1e+05 3488
65500 84049 930010 1e+05 43260
101675 67781 1030725 1e+05 166181
137079 127690 972862 1e+05 149600
89560 80876 959461 1e+05 182713
98985 84021 1006640 1e+05 46126
129685 96886 951694 1e+05 115762
78565 65131 986836 1e+05 122853
106428 98666 991219 1e+05 35808
137416 88996 972542 1e+05 102531
68836 109897 985739 1e+05 122827
109615 88239 992650 1e+05 37947
49396 101097 967175 1e+05 72340
122706 98425 979083 1e+05 170473
113241 105840 975658 1e+05 90265
106238 87043 995235 1e+05 49104
89625 124281 997731 1e+05 146519
121168 127125 987786 1e+05 180482
117251 121296 980097 1e+05 32618
73874 62697 997947 1e+05 104917
109366 106710 979028 1e+05 128140
117050 105283 1016573 1e+05 130249
130951 89727 1000132 1e+05 12529
66960 130656 994152 1e+05 185075
133353 117466 979425 1e+05 73703
96384 96707 992514 1e+05 1593
120548 112160 1001065 1e+05 161354
74050 129350 981223 1e+05 199665
108909 116479 954507 1e+05 173906
69447 117077 968710 1e+05 140306
146138 77611 978198 1e+05 185802
108991 146641 958483 1e+05 49798
104908 123334 1025517 1e+05 195777
91249 104509 954789 1e+05 5623
83968 63824 986104 1e+05 122581
102642 105701 982753 1e+05 152980
68783 60893 966352 1e+05 22675
119997 126720 966892 1e+05 71882
91860 128849 972882 1e+05 100584
61879 104350 958426 1e+05 74373
99375 99965 972744 1e+05 57611
92891 111422 974662 1e+05 110858
82079 99329 982538 1e+05 91122
93514 124909 959782 1e+05 144141
81802 99746 958344 1e+05 111652
94022 116115 968626 1e+05 100925
76261 92513 944369 1e+05 148669
144592 106183 1004680 1e+05 47291
98772 127623 1006139 1e+05 59877
116459 107949 980802 1e+05 70296
59503 119204 986078 1e+05 73021
46193 102527 978909 1e+05 115536
147134 100541 964658 1e+05 63460
104566 99819 1009848 1e+05 32197
146725 91718 1010031 1e+05 7823
116534 75660 943293 1e+05 42652
115257 104523 962257 1e+05 105473
126101 125975 977244 1e+05 168080
86519 90618 986415 1e+05 172881
113976 78663 1014187 1e+05 141007
124676 89435 993439 1e+05 111888
114623 112244 1011651 1e+05 63947
113366 109236 981918 1e+05 136399
87585 116060 988999 1e+05 17789
65555 117767 978581 1e+05 173655
116647 78423 974348 1e+05 142296
81000 120126 987646 1e+05 16024
84223 114504 973430 1e+05 30831
96382 91070 957682 1e+05 169086
68737 116968 965778 1e+05 81693
69530 59825 1004138 1e+05 37013
55401 131331 983659 1e+05 180852
119357 112414 962869 1e+05 133839
67535 123397 960089 1e+05 33358
50723 114420 971934 1e+05 92861
119732 113775 1010538 1e+05 98722
49053 91373 979767 1e+05 49638
115022 142476 980279 1e+05 170421
112693 94329 970245 1e+05 114630
105040 82839 1018518 1e+05 77839
104290 69535 1000317 1e+05 37688
128652 106130 983738 1e+05 174847
131854 74493 971409 1e+05 7081
93412 83149 995477 1e+05 102993
79422 120398 997251 1e+05 33445
83784 104940 980890 1e+05 113985
117068 124149 956001 1e+05 156691
96191 132004 999451 1e+05 28925
100818 116559 969272 1e+05 181183
124888 103423 983171 1e+05 147388
93383 102204 965459 1e+05 127635
99120 101715 974670 1e+05 6201
108162 104667 1009824 1e+05 48676
97303 109418 992344 1e+05 168474
131327 87969 982703 1e+05 112063
46658 87561 977791 1e+05 67033
97469 124836 978559 1e+05 97858
86041 97700 1004946 1e+05 104810
86205 109178 975511 1e+05 195290
109730 84080 979585 1e+05 6290
79008 75294 971192 1e+05 124858
123973 88103 982208 1e+05 82075
107072 92374 979808 1e+05 29367
95900 67399 975617 1e+05 76845
69049 119432 976136 1e+05 118116
113151 70082 969026 1e+05 110043
109195 94078 952613 1e+05 188558
120273 73641 979609 1e+05 180837
97946 64528 949959 1e+05 117828
56234 77212 979576 1e+05 119737
92683 121787 970233 1e+05 108761
127692 120496 972996 1e+05 75262
95886 108889 965274 1e+05 121356
105948 108155 969289 1e+05 193232
106131 139802 973176 1e+05 175203
110190 119096 969223 1e+05 133780
109413 126657 987403 1e+05 66785
81133 95248 980159 1e+05 38261
77723 96776 989699 1e+05 117334
134405 81938 1015224 1e+05 170259
55831 68478 964542 1e+05 1318
106129 71340 1007366 1e+05 139001
112976 107240 987494 1e+05 191498
60027 103096 971605 1e+05 101947
144145 93497 1007532 1e+05 129159
99990 120196 982393 1e+05 139487
91796 78506 987249 1e+05 170703
106406 120189 974768 1e+05 163767
96182 116373 1003287 1e+05 190998
113191 102712 991521 1e+05 185129
89164 76823 1015131 1e+05 21168
98484 164245 967286 1e+05 80376
107863 128779 941158 1e+05 176158
119135 126494 1006221 1e+05 130982
90635 101807 961144 1e+05 189677
105786 84796 989614 1e+05 41969
70991 118433 1002688 1e+05 60814
80224 107980 979187 1e+05 175990
120047 111788 970804 1e+05 192191
114867 76285 970315 1e+05 50829
103800 106657 976863 1e+05 173016
128449 98230 991782 1e+05 120955
120646 123010 964770 1e+05 181461
99289 88450 965616 1e+05 70768
111463 89410 969463 1e+05 55337
99209 84578 971483 1e+05 150565
117785 117195 1012630 1e+05 177698
79575 121338 960942 1e+05 144600
104442 93029 995598 1e+05 166539
92740 136189 976447 1e+05 179578
95070 127251 936673 1e+05 68965
67914 116409 980687 1e+05 85741
113033 81037 968837 1e+05 169607
95758 143762 1002127 1e+05 139088
81132 120956 957368 1e+05 13975
131026 121379 968752 1e+05 93639
87880 58335 996875 1e+05 128907
98873 130606 968226 1e+05 182396
142711 61310 958290 1e+05 187743
92785 108664 1004049 1e+05 106356
130483 84877 952494 1e+05 136602
119902 80772 929760 1e+05 176545
88926 113729 949268 1e+05 24212
146301 155060 972893 1e+05 6633
116785 81908 966050 1e+05 160031
132799 117182 1006587 1e+05 198603
104614 98189 961950 1e+05 88751
93088 128613 1002920 1e+05 136187
79797 73163 1008111 1e+05 180953
108994 93764 969219 1e+05 189781
87670 140993 966916 1e+05 136219
85968 64030 974087 1e+05 113801
116558 122349 998351 1e+05 43786
83700 109395 943649 1e+05 11696
99906 87109 1005389 1e+05 171537
96504 108877 1002293 1e+05 70484
91172 114326 1013544 1e+05 87948
113730 104919 940176 1e+05 126428
82378 107613 980236 1e+05 8308
121016 123920 991991 1e+05 95702
87772 101389 956063 1e+05 155353
98467 116375 966530 1e+05 81837
75826 133814 962259 1e+05 190947
114474 106031 1029981 1e+05 176147
85499 133781 986774 1e+05 37155
104859 116096 1005403 1e+05 45474
101089 180284 975776 1e+05 14011
59227 106224 978458 1e+05 171067
80761 66269 973861 1e+05 137718
104169 89464 1002623 1e+05 12829
115462 81280 970080 1e+05 26202
112921 105961 963421 1e+05 157193
81423 84236 963206 1e+05 22187
124456 95863 984155 1e+05 97073
111705 88591 947801 1e+05 114315
106746 101198 998168 1e+05 13584
100431 155997 1008316 1e+05 94051
59480 98414 947672 1e+05 104556
115631 83877 1017661 1e+05 44831
92779 91858 977584 1e+05 63008
99641 120295 960129 1e+05 86905
101809 93769 974573 1e+05 184250
124382 142070 938217 1e+05 125846
99996 93336 995921 1e+05 199190
112933 108547 980946 1e+05 182510
77219 92958 984466 1e+05 17163
73194 84141 974786 1e+05 149726
105178 103421 964069 1e+05 79205
108001 74876 1004370 1e+05 189948
95245 87143 1007218 1e+05 10443
91044 76642 956273 1e+05 132458
108367 97622 968468 1e+05 195138
111858 108990 973140 1e+05 156450
71171 102939 971293 1e+05 68440
115579 65785 981215 1e+05 131909
109750 44463 973906 1e+05 119817
94921 81786 975137 1e+05 99418
125253 74656 996445 1e+05 13541
127254 107691 978716 1e+05 95373
149844 108842 949675 1e+05 120264
82933 114307 954447 1e+05 117621
93250 126617 963314 1e+05 120821
123608 87712 1007276 1e+05 65797
125652 90102 967357 1e+05 114770
106884 106939 1003122 1e+05 111503
64114 85257 978959 1e+05 104105
117193 80860 987318 1e+05 105808
96500 96896 998134 1e+05 83408
93526 102231 996884 1e+05 60037
132698 157702 978121 1e+05 140029
97399 110095 1007213 1e+05 190707
102273 81341 1005778 1e+05 195232
61345 119976 963371 1e+05 109734
117410 118332 1012352 1e+05 59357
97954 112012 980072 1e+05 180401
109120 91145 993364 1e+05 112007
103927 59504 965657 1e+05 92192
111700 102175 998557 1e+05 178894
126516 113536 989066 1e+05 10765
136224 75839 991839 1e+05 75632
103615 80590 961914 1e+05 1805
79995 105987 978752 1e+05 195189
79657 90667 952004 1e+05 35956
90933 79017 975039 1e+05 7613
109154 101831 980727 1e+05 15231
110854 94587 987548 1e+05 82649
81593 88713 1014918 1e+05 175480
98178 114618 924894 1e+05 164716
100125 110979 1005661 1e+05 186748
108759 94999 996613 1e+05 145306
67507 96253 999568 1e+05 86613
143815 81143 997673 1e+05 195321
108411 113078 959591 1e+05 116199
105462 78229 951583 1e+05 194209
120116 156296 993884 1e+05 181402
84355 57339 985530 1e+05 83853
111722 135290 935618 1e+05 38070
118922 137081 971976 1e+05 147878
97548 137185 991199 1e+05 120147
55230 74957 1045207 1e+05 85363
85660 131941 956043 1e+05 172706
102816 67702 995183 1e+05 164120
94961 102288 1020995 1e+05 19311
96446 67362 974315 1e+05 39317
92561 101709 985264 1e+05 23254
62889 88574 930553 1e+05 158207
108366 71831 991807 1e+05 47081
109576 99870 998488 1e+05 186312
87214 85585 970802 1e+05 18488
110526 89993 943750 1e+05 128346
94732 114249 990244 1e+05 27494
100371 96224 943349 1e+05 120499
83316 106154 1019859 1e+05 102959
75205 98899 1010695 1e+05 45676
96839 108962 978067 1e+05 100923
112297 121350 974458 1e+05 86380
108589 80617 956495 1e+05 100290
100235 54009 966218 1e+05 47666
89012 137144 962851 1e+05 16344
71638 119743 997757 1e+05 48878
91339 101346 996477 1e+05 194778
65842 71406 983347 1e+05 158675
130049 120338 988500 1e+05 186430
95913 100462 1014815 1e+05 74125
110297 96836 982593 1e+05 34471
69951 99429 984498 1e+05 145508
111232 91338 980331 1e+05 29435
81429 99132 991190 1e+05 88333
100741 113151 974649 1e+05 95666
112610 129095 975550 1e+05 177130
77863 68198 962675 1e+05 79241
89975 105984 946761 1e+05 101068
75381 84615 1026172 1e+05 121449
81374 126604 986906 1e+05 138182
69921 109225 975989 1e+05 170227
88264 104605 979683 1e+05 89532
75744 75218 997575 1e+05 18639
140962 86656 983607 1e+05 135227
118322 94263 972257 1e+05 134667
80247 95576 999504 1e+05 112357
118896 116973 954473 1e+05 136645
97700 118618 980512 1e+05 37138
120512 96512 941428 1e+05 37349
69735 97081 937135 1e+05 17865
105566 69499 1003562 1e+05 122992
105365 88315 988115 1e+05 98741
56917 78884 993276 1e+05 61554
115126 97575 1001430 1e+05 100554
96209 63419 957795 1e+05 68791
96133 97260 992003 1e+05 143934
130986 70260 970681 1e+05 146226
103596 91003 999998 1e+05 31533
82174 99310 977352 1e+05 46463
84334 52748 978351 1e+05 2793
89016 122275 979191 1e+05 123141
80279 99761 992866 1e+05 160894
98099 58447 947181 1e+05 63292
132184 119209 977314 1e+05 111357
69463 80621 987995 1e+05 76179
122871 81659 955436 1e+05 107573
94145 127340 997399 1e+05 2894
102654 94741 958742 1e+05 36809
99979 120227 970266 1e+05 28621
87702 104221 1021683 1e+05 26316
99757 69076 998783 1e+05 152510
85572 72734 1003804 1e+05 129796
87338 86849 986025 1e+05 163128
66245 85564 967023 1e+05 26104
98281 78749 982039 1e+05 186786
104280 149011 940475 1e+05 194741
125761 97530 991504 1e+05 12944
104040 92767 966995 1e+05 124547
87676 106211 985858 1e+05 154989
102728 53146 992976 1e+05 2462
121448 96650 990257 1e+05 69915
61062 94053 985417 1e+05 189477
128190 95997 1018243 1e+05 105130
98965 51910 995316 1e+05 175652
115469 136044 963875 1e+05 188474
101355 114546 961188 1e+05 83305
124458 139178 979433 1e+05 185149
127265 116723 974969 1e+05 52501
151361 109762 989841 1e+05 107424
80397 98436 996961 1e+05 87640
90811 62863 958723 1e+05 126374
67086 126132 998013 1e+05 86577
80358 68358 973294 1e+05 134489
115259 100640 961198 1e+05 42498
68840 109005 989163 1e+05 171841
96904 111088 992127 1e+05 168584
69117 109327 981765 1e+05 142543
98656 123347 1007789 1e+05 60443
93400 117003 999925 1e+05 72074
94611 110129 996170 1e+05 166460
123035 126856 1029797 1e+05 117407
110452 68651 985667 1e+05 47265
83358 104308 982093 1e+05 196222
104040 83244 973626 1e+05 137273
150540 113246 975377 1e+05 81380
101394 106626 997706 1e+05 51622
86448 109394 966691 1e+05 123600
105589 112350 1017757 1e+05 189037
85358 74909 954466 1e+05 67759
119264 91740 971022 1e+05 64191
114951 110509 975012 1e+05 133321
98672 106250 983165 1e+05 147949
87629 69840 1009845 1e+05 666
122527 70868 972141 1e+05 113514
89636 114626 1018362 1e+05 180526
91502 52427 996141 1e+05 15672
100952 61264 990978 1e+05 155498
88491 83506 1000670 1e+05 48725
104613 78092 962742 1e+05 1607
110492 101674 944395 1e+05 31962
117948 108689 982882 1e+05 111781
106033 129204 989498 1e+05 66173
84332 65726 966837 1e+05 118335
121940 110922 1002564 1e+05 89873
67906 132654 975473 1e+05 56974
88331 119630 982084 1e+05 183874
74117 102106 994800 1e+05 97746
97280 65636 1002035 1e+05 88851
33432 92149 1007628 1e+05 151751
89991 107337 950991 1e+05 36997
77042 84324 1009712 1e+05 135589
100044 92980 984295 1e+05 152369
133855 126345 968172 1e+05 91433
124161 164592 965832 1e+05 137254
97647 119849 954268 1e+05 100063
123131 83026 976201 1e+05 80918
81654 121514 992986 1e+05 80733
99142 136171 970023 1e+05 122621
120955 96331 986769 1e+05 136005
111027 99911 961224 1e+05 133857
116350 119968 971800 1e+05 154675
135058 119455 948112 1e+05 5846
78064 109518 974499 1e+05 166756
72195 107450 958236 1e+05 21846
112891 91328 962519 1e+05 196674
107889 110511 975305 1e+05 98576
106752 126183 946022 1e+05 59260
114826 69164 988772 1e+05 173976
147945 94140 1005617 1e+05 193257
82543 105326 1016928 1e+05 175894
120372 97965 964190 1e+05 28703
87444 90726 983603 1e+05 114646
105334 123147 966819 1e+05 117992
60705 97536 992436 1e+05 58828
128011 114824 965222 1e+05 150445
82737 74947 974291 1e+05 104333
91572 64154 1009484 1e+05 140770
98955 93343 992531 1e+05 35170
133136 104893 958974 1e+05 12669
76841 76912 961879 1e+05 113531
133716 110671 948657 1e+05 106845
94243 82006 980657 1e+05 154011
100636 84340 1004750 1e+05 90830
70923 101428 991565 1e+05 22996
65397 104134 982933 1e+05 63578
92130 133510 1003998 1e+05 154404
90982 149127 966418 1e+05 125563
110988 109871 982624 1e+05 35783
122432 95151 990104 1e+05 88391
135809 95634 995432 1e+05 78202
94616 121091 1009799 1e+05 191249
36679 127465 1008433 1e+05 61752
55596 104032 973860 1e+05 55390
135243 123245 994829 1e+05 199448
120633 112866 965970 1e+05 44583
80897 104120 983802 1e+05 122576
105709 91070 999047 1e+05 117980
104082 91809 1021073 1e+05 94231
114121 116383 980658 1e+05 106165
84282 137929 953249 1e+05 48275
109705 91237 962419 1e+05 15422
86151 101122 989996 1e+05 111311
98332 113566 987565 1e+05 126941
100803 129607 967036 1e+05 185088
